forecast_day,time_of_1h,1h,2h,3h,4h,5h,6h,7h,8h,9h,10h,11h,12h,13h,14h,15h,16h,17h,18h,19h,20h,21h,22h,23h,24h,25h,26h,27h,28h,29h,30h,31h,32h,33h,34h,35h,36h,37h,38h,39h,40h,41h,42h,43h,44h,45h,46h,47h,48h,49h,50h,51h,52h,53h,54h,55h,56h,57h,58h,59h,60h,61h,62h,63h,64h,65h,66h,67h,68h,69h,70h,71h,72h,73h,74h,75h,76h,77h,78h,79h,80h,81h,82h,83h,84h,85h,86h,87h,88h,89h,90h,91h,92h,93h,94h,95h,96h,97h,98h,99h,100h,101h,102h,103h,104h,105h,106h,107h,108h,109h,110h,111h,112h,113h,114h,115h,116h,117h,118h,119h,120h,121h,122h,123h,124h,125h,126h,127h,128h,129h,130h,131h,132h,133h,134h,135h,136h,137h,138h,139h,140h,141h,142h,143h,144h,145h,146h,147h,148h,149h,150h,151h,152h,153h,154h,155h,156h,157h,158h,159h,160h,161h,162h,163h,164h,165h,166h,167h,168h
2025-11-05 00:52:12+00:00,2025-11-05 00:00:00+00:00,91.0,91.0,91.0,96.0,93.0,92.0,89.0,89.0,87.0,86.0,85.0,84.0,88.0,92.0,95.0,95.0,93.0,93.0,92.0,90.0,87.0,88.0,88.0,89.0,90.0,90.0,91.0,93.0,94.0,93.0,93.0,93.0,93.0,93.0,93.0,94.0,96.0,96.0,97.0,98.0,98.0,95.0,95.0,74.0,67.0,62.0,58.0,57.0,64.0,68.0,69.0,70.0,72.0,76.0,82.0,89.0,91.0,92.0,94.0,94.0,94.0,94.0,93.0,93.0,90.0,82.0,76.0,71.0,68.0,65.0,62.0,61.0,65.0,75.0,78.0,82.0,86.0,88.0,89.0,89.0,87.0,86.0,83.0,81.0,79.0,78.0,77.0,76.0,69.0,56.0,48.0,43.0,39.0,36.0,35.0,36.0,46.0,52.0,56.0,59.0,60.0,62.0,65.0,67.0,70.0,74.0,76.0,77.0,77.0,76.0,76.0,75.0,70.0,60.0,53.0,48.0,44.0,42.0,44.0,49.0,53.0,57.0,61.0,64.0,67.0,70.0,72.0,75.0,77.0,78.0,77.0,76.0,74.0,74.0,74.0,72.0,67.0,60.0,53.0,47.0,42.0,40.0,42.0,47.0,52.0,56.0,60.0,63.0,66.0,69.0,70.0,70.0,68.0,67.0,67.0,66.0,66.0,65.0,65.0,63.0,60.0,55.0,51.0,47.0,44.0,43.0,45.0,49.0
2025-11-06 00:52:59+00:00,2025-11-06 00:00:00+00:00,91.0,90.0,91.0,91.0,92.0,92.0,93.0,93.0,92.0,92.0,91.0,93.0,94.0,94.0,94.0,97.0,99.0,100.0,93.0,90.0,87.0,80.0,77.0,81.0,85.0,88.0,88.0,84.0,81.0,82.0,81.0,80.0,81.0,82.0,85.0,89.0,91.0,92.0,91.0,92.0,91.0,85.0,83.0,78.0,75.0,69.0,68.0,68.0,74.0,83.0,85.0,87.0,91.0,92.0,90.0,86.0,84.0,82.0,80.0,78.0,77.0,76.0,76.0,75.0,69.0,57.0,48.0,42.0,39.0,38.0,37.0,38.0,48.0,53.0,56.0,58.0,61.0,64.0,68.0,70.0,71.0,71.0,72.0,73.0,74.0,73.0,72.0,72.0,67.0,57.0,50.0,45.0,42.0,40.0,39.0,44.0,51.0,55.0,58.0,61.0,64.0,66.0,69.0,71.0,73.0,75.0,75.0,75.0,74.0,74.0,73.0,74.0,69.0,60.0,52.0,47.0,43.0,41.0,43.0,48.0,53.0,56.0,58.0,61.0,64.0,67.0,70.0,72.0,74.0,75.0,74.0,72.0,70.0,69.0,68.0,66.0,63.0,59.0,54.0,48.0,41.0,37.0,38.0,43.0,47.0,51.0,55.0,59.0,62.0,65.0,67.0,70.0,72.0,74.0,74.0,73.0,72.0,72.0,71.0,69.0,65.0,59.0,54.0,50.0,46.0,45.0,47.0,52.0
2025-11-07 00:52:08+00:00,2025-11-07 00:00:00+00:00,81.0,87.0,89.0,92.0,93.0,94.0,94.0,94.0,96.0,95.0,97.0,96.0,96.0,94.0,92.0,96.0,95.0,94.0,84.0,81.0,78.0,76.0,74.0,71.0,81.0,87.0,88.0,86.0,88.0,88.0,87.0,87.0,88.0,86.0,86.0,87.0,85.0,85.0,84.0,80.0,81.0,75.0,73.0,41.0,37.0,35.0,34.0,39.0,47.0,51.0,54.0,56.0,59.0,62.0,66.0,68.0,68.0,67.0,67.0,68.0,68.0,69.0,69.0,69.0,65.0,54.0,45.0,40.0,36.0,34.0,34.0,38.0,46.0,50.0,53.0,56.0,60.0,63.0,66.0,69.0,70.0,69.0,68.0,69.0,69.0,69.0,69.0,68.0,64.0,55.0,47.0,40.0,36.0,34.0,34.0,38.0,46.0,50.0,52.0,56.0,59.0,62.0,65.0,67.0,69.0,70.0,70.0,69.0,70.0,70.0,69.0,69.0,65.0,57.0,50.0,45.0,42.0,40.0,42.0,46.0,50.0,54.0,58.0,62.0,65.0,68.0,70.0,72.0,74.0,75.0,76.0,76.0,76.0,77.0,77.0,75.0,69.0,60.0,53.0,47.0,42.0,40.0,42.0,46.0,51.0,55.0,60.0,64.0,67.0,69.0,71.0,73.0,75.0,76.0,75.0,72.0,70.0,69.0,69.0,69.0,70.0,71.0,71.0,66.0,60.0,57.0,61.0,68.0
2025-11-08 00:47:51+00:00,2025-11-08 00:00:00+00:00,66.0,72.0,78.0,82.0,83.0,85.0,87.0,85.0,86.0,86.0,85.0,84.0,83.0,82.0,80.0,77.0,80.0,73.0,72.0,72.0,67.0,55.0,56.0,62.0,77.0,83.0,84.0,80.0,79.0,77.0,80.0,82.0,82.0,83.0,84.0,83.0,82.0,81.0,79.0,78.0,84.0,84.0,78.0,40.0,37.0,35.0,35.0,39.0,47.0,52.0,54.0,57.0,61.0,65.0,68.0,71.0,73.0,71.0,70.0,70.0,70.0,70.0,68.0,68.0,64.0,56.0,47.0,41.0,37.0,34.0,34.0,42.0,47.0,51.0,53.0,56.0,58.0,63.0,66.0,69.0,72.0,73.0,72.0,72.0,71.0,72.0,72.0,72.0,65.0,54.0,47.0,42.0,39.0,37.0,36.0,38.0,47.0,53.0,56.0,59.0,62.0,65.0,67.0,69.0,72.0,72.0,73.0,74.0,73.0,72.0,73.0,73.0,68.0,58.0,51.0,46.0,42.0,40.0,41.0,45.0,49.0,53.0,58.0,62.0,65.0,68.0,71.0,73.0,75.0,76.0,77.0,78.0,78.0,79.0,81.0,79.0,72.0,62.0,55.0,52.0,52.0,55.0,62.0,72.0,81.0,86.0,90.0,92.0,93.0,92.0,92.0,93.0,94.0,95.0,95.0,96.0,96.0,97.0,98.0,98.0,98.0,98.0,97.0,94.0,91.0,88.0,88.0,88.0
2025-11-09 00:54:29+00:00,2025-11-09 00:00:00+00:00,46.0,56.0,61.0,63.0,71.0,71.0,73.0,73.0,73.0,75.0,75.0,78.0,78.0,79.0,80.0,80.0,85.0,81.0,74.0,67.0,63.0,55.0,52.0,56.0,67.0,64.0,65.0,77.0,74.0,73.0,68.0,71.0,73.0,77.0,80.0,77.0,70.0,70.0,69.0,69.0,72.0,77.0,71.0,43.0,40.0,38.0,38.0,40.0,48.0,54.0,58.0,60.0,63.0,66.0,69.0,71.0,73.0,74.0,73.0,72.0,71.0,72.0,72.0,72.0,66.0,56.0,49.0,48.0,41.0,39.0,40.0,41.0,49.0,55.0,57.0,61.0,63.0,66.0,68.0,71.0,72.0,73.0,73.0,74.0,73.0,73.0,69.0,68.0,68.0,61.0,51.0,50.0,48.0,47.0,48.0,47.0,51.0,52.0,60.0,66.0,61.0,55.0,55.0,55.0,56.0,68.0,81.0,89.0,86.0,87.0,92.0,92.0,93.0,92.0,85.0,80.0,73.0,70.0,72.0,78.0,82.0,84.0,86.0,87.0,86.0,85.0,84.0,85.0,86.0,88.0,91.0,94.0,96.0,96.0,96.0,94.0,91.0,87.0,83.0,79.0,76.0,74.0,74.0,76.0,78.0,81.0,85.0,88.0,90.0,91.0,92.0,92.0,92.0,92.0,92.0,92.0,92.0,93.0,93.0,93.0,92.0,89.0,86.0,80.0,74.0,70.0,71.0,75.0
2025-11-10 00:55:31+00:00,2025-11-10 00:00:00+00:00,56.0,59.0,55.0,59.0,55.0,50.0,56.0,65.0,71.0,72.0,70.0,69.0,64.0,63.0,64.0,67.0,72.0,76.0,69.0,60.0,58.0,46.0,42.0,44.0,53.0,58.0,62.0,66.0,69.0,73.0,74.0,75.0,78.0,73.0,70.0,71.0,71.0,70.0,68.0,69.0,72.0,75.0,69.0,46.0,44.0,41.0,41.0,44.0,51.0,55.0,58.0,61.0,63.0,66.0,69.0,70.0,72.0,74.0,76.0,74.0,73.0,75.0,73.0,73.0,69.0,62.0,54.0,47.0,44.0,47.0,47.0,48.0,49.0,49.0,57.0,59.0,62.0,68.0,71.0,80.0,87.0,88.0,91.0,92.0,76.0,78.0,82.0,83.0,81.0,79.0,73.0,79.0,82.0,61.0,57.0,60.0,68.0,71.0,71.0,74.0,74.0,79.0,84.0,88.0,89.0,91.0,92.0,89.0,87.0,82.0,80.0,83.0,88.0,83.0,77.0,71.0,64.0,61.0,66.0,75.0,83.0,88.0,91.0,93.0,94.0,93.0,93.0,93.0,94.0,94.0,94.0,94.0,94.0,94.0,93.0,92.0,89.0,85.0,81.0,75.0,69.0,65.0,65.0,68.0,71.0,76.0,81.0,86.0,89.0,91.0,92.0,92.0,90.0,89.0,88.0,87.0,87.0,87.0,88.0,87.0,85.0,81.0,79.0,79.0,81.0,82.0,82.0,83.0
2025-11-11 00:52:20+00:00,2025-11-11 00:00:00+00:00,53.0,61.0,62.0,58.0,60.0,62.0,66.0,73.0,82.0,76.0,73.0,72.0,72.0,74.0,74.0,73.0,76.0,75.0,68.0,55.0,49.0,44.0,46.0,47.0,59.0,73.0,72.0,66.0,66.0,68.0,70.0,74.0,75.0,75.0,73.0,74.0,83.0,87.0,90.0,91.0,90.0,88.0,87.0,51.0,46.0,43.0,42.0,44.0,47.0,51.0,53.0,64.0,66.0,67.0,68.0,70.0,88.0,94.0,84.0,81.0,87.0,85.0,84.0,88.0,94.0,94.0,94.0,89.0,90.0,87.0,80.0,80.0,82.0,83.0,83.0,84.0,84.0,84.0,85.0,86.0,87.0,90.0,92.0,96.0,96.0,96.0,97.0,97.0,94.0,87.0,81.0,75.0,69.0,65.0,62.0,62.0,69.0,77.0,81.0,84.0,87.0,89.0,90.0,90.0,89.0,87.0,87.0,86.0,85.0,84.0,82.0,81.0,75.0,62.0,54.0,47.0,42.0,40.0,42.0,47.0,52.0,56.0,60.0,63.0,65.0,67.0,69.0,71.0,72.0,74.0,76.0,77.0,79.0,81.0,84.0,83.0,77.0,68.0,61.0,56.0,52.0,51.0,53.0,57.0,61.0,65.0,70.0,74.0,78.0,83.0,87.0,91.0,94.0,96.0,96.0,94.0,93.0,93.0,93.0,92.0,89.0,84.0,78.0,71.0,63.0,57.0,52.0,49.0
2025-11-12 00:53:11+00:00,2025-11-12 00:00:00+00:00,49.0,56.0,66.0,68.0,70.0,73.0,73.0,76.0,76.0,75.0,74.0,77.0,82.0,80.0,79.0,78.0,87.0,89.0,86.0,82.0,74.0,69.0,67.0,63.0,67.0,70.0,73.0,79.0,79.0,77.0,77.0,83.0,87.0,87.0,88.0,95.0,94.0,90.0,90.0,93.0,93.0,95.0,94.0,88.0,94.0,92.0,92.0,90.0,88.0,87.0,88.0,89.0,92.0,92.0,91.0,95.0,95.0,94.0,94.0,94.0,95.0,95.0,97.0,95.0,90.0,89.0,84.0,78.0,81.0,79.0,78.0,75.0,80.0,87.0,89.0,91.0,93.0,94.0,95.0,95.0,94.0,93.0,91.0,88.0,86.0,84.0,82.0,80.0,77.0,67.0,60.0,54.0,46.0,41.0,40.0,43.0,52.0,55.0,57.0,60.0,65.0,73.0,76.0,74.0,69.0,69.0,74.0,81.0,85.0,87.0,85.0,82.0,82.0,83.0,83.0,84.0,84.0,84.0,82.0,80.0,79.0,82.0,86.0,89.0,90.0,89.0,89.0,89.0,88.0,89.0,91.0,94.0,96.0,97.0,96.0,96.0,96.0,95.0,95.0,95.0,94.0,93.0,91.0,89.0,88.0,87.0,87.0,87.0,87.0,88.0,89.0,90.0,91.0,91.0,90.0,90.0,89.0,90.0,92.0,91.0,85.0,77.0,69.0,63.0,57.0,54.0,54.0,57.0
2025-11-13 00:51:57+00:00,2025-11-13 00:00:00+00:00,72.0,76.0,80.0,86.0,87.0,87.0,87.0,89.0,89.0,90.0,90.0,94.0,92.0,87.0,90.0,93.0,94.0,94.0,88.0,90.0,94.0,96.0,94.0,94.0,90.0,92.0,93.0,93.0,90.0,89.0,90.0,87.0,86.0,88.0,88.0,90.0,92.0,94.0,95.0,96.0,95.0,93.0,88.0,83.0,72.0,67.0,65.0,65.0,73.0,82.0,85.0,86.0,88.0,91.0,92.0,93.0,92.0,90.0,88.0,86.0,84.0,82.0,80.0,76.0,72.0,61.0,51.0,47.0,42.0,40.0,44.0,48.0,56.0,60.0,63.0,68.0,62.0,64.0,65.0,72.0,75.0,80.0,85.0,89.0,90.0,90.0,90.0,90.0,89.0,87.0,81.0,76.0,84.0,86.0,81.0,84.0,89.0,92.0,93.0,93.0,93.0,91.0,92.0,92.0,91.0,87.0,92.0,95.0,88.0,90.0,89.0,89.0,92.0,93.0,92.0,90.0,86.0,84.0,84.0,85.0,86.0,88.0,90.0,92.0,93.0,94.0,94.0,94.0,93.0,93.0,93.0,94.0,94.0,94.0,94.0,92.0,86.0,78.0,70.0,63.0,57.0,53.0,53.0,55.0,58.0,61.0,65.0,67.0,68.0,67.0,67.0,67.0,67.0,67.0,68.0,69.0,70.0,71.0,72.0,71.0,65.0,57.0,50.0,45.0,41.0,40.0,43.0,48.0
2025-11-14 00:52:21+00:00,2025-11-14 00:00:00+00:00,89.0,91.0,94.0,91.0,90.0,89.0,89.0,88.0,85.0,88.0,92.0,93.0,95.0,93.0,94.0,95.0,94.0,90.0,81.0,77.0,74.0,71.0,69.0,70.0,74.0,83.0,86.0,85.0,87.0,88.0,89.0,89.0,89.0,87.0,86.0,87.0,89.0,88.0,86.0,85.0,84.0,80.0,77.0,54.0,54.0,51.0,47.0,50.0,60.0,66.0,68.0,72.0,74.0,73.0,76.0,72.0,74.0,71.0,74.0,82.0,87.0,91.0,89.0,91.0,90.0,89.0,86.0,88.0,86.0,81.0,87.0,89.0,89.0,85.0,87.0,88.0,91.0,86.0,89.0,93.0,91.0,96.0,92.0,90.0,89.0,89.0,91.0,93.0,93.0,93.0,91.0,91.0,93.0,93.0,93.0,91.0,91.0,93.0,94.0,93.0,93.0,93.0,92.0,90.0,90.0,89.0,90.0,91.0,91.0,92.0,92.0,92.0,90.0,88.0,86.0,79.0,71.0,66.0,66.0,69.0,73.0,77.0,82.0,86.0,88.0,90.0,91.0,92.0,92.0,92.0,91.0,90.0,88.0,87.0,87.0,84.0,77.0,67.0,59.0,54.0,51.0,51.0,54.0,59.0,64.0,70.0,75.0,80.0,83.0,84.0,85.0,86.0,87.0,87.0,86.0,85.0,84.0,83.0,81.0,78.0,72.0,65.0,58.0,52.0,47.0,44.0,45.0,48.0
2025-11-17 00:56:57+00:00,2025-11-17 00:00:00+00:00,86.0,89.0,91.0,93.0,93.0,91.0,94.0,92.0,93.0,92.0,93.0,92.0,95.0,91.0,94.0,90.0,91.0,88.0,78.0,76.0,73.0,77.0,85.0,88.0,88.0,92.0,95.0,91.0,94.0,92.0,94.0,95.0,95.0,95.0,96.0,96.0,96.0,96.0,96.0,96.0,97.0,91.0,87.0,65.0,62.0,60.0,59.0,61.0,73.0,84.0,88.0,92.0,93.0,93.0,94.0,95.0,95.0,96.0,96.0,96.0,96.0,96.0,96.0,94.0,85.0,80.0,80.0,81.0,82.0,83.0,83.0,84.0,87.0,90.0,91.0,91.0,91.0,91.0,90.0,90.0,91.0,88.0,92.0,93.0,93.0,93.0,95.0,96.0,95.0,96.0,97.0,93.0,89.0,86.0,80.0,77.0,85.0,92.0,92.0,92.0,93.0,94.0,94.0,94.0,93.0,90.0,90.0,89.0,87.0,88.0,89.0,88.0,85.0,77.0,68.0,62.0,56.0,53.0,54.0,59.0,64.0,71.0,80.0,86.0,88.0,89.0,89.0,90.0,91.0,92.0,92.0,91.0,90.0,90.0,89.0,86.0,79.0,70.0,62.0,56.0,52.0,51.0,55.0,63.0,70.0,74.0,77.0,80.0,82.0,83.0,84.0,85.0,87.0,87.0,86.0,84.0,82.0,80.0,78.0,74.0,68.0,61.0,55.0,50.0,46.0,44.0,47.0,52.0
2025-11-19 02:34:07+00:00,2025-11-19 00:00:00+00:00,77.0,85.0,89.0,88.0,86.0,83.0,88.0,87.0,85.0,85.0,85.0,84.0,88.0,91.0,88.0,91.0,91.0,92.0,89.0,85.0,82.0,79.0,77.0,78.0,86.0,91.0,94.0,93.0,92.0,91.0,90.0,91.0,92.0,92.0,93.0,90.0,92.0,93.0,92.0,90.0,95.0,96.0,75.0,69.0,67.0,69.0,71.0,71.0,79.0,83.0,86.0,88.0,87.0,84.0,82.0,76.0,71.0,65.0,65.0,68.0,71.0,67.0,71.0,70.0,68.0,60.0,53.0,48.0,44.0,41.0,43.0,44.0,47.0,58.0,65.0,70.0,72.0,72.0,73.0,73.0,74.0,76.0,76.0,76.0,76.0,77.0,77.0,77.0,73.0,63.0,55.0,49.0,45.0,44.0,43.0,46.0,57.0,66.0,71.0,75.0,77.0,79.0,81.0,82.0,84.0,86.0,87.0,89.0,90.0,90.0,89.0,90.0,82.0,68.0,58.0,51.0,47.0,45.0,47.0,52.0,57.0,62.0,67.0,71.0,74.0,75.0,77.0,79.0,80.0,82.0,84.0,86.0,87.0,86.0,84.0,80.0,72.0,62.0,53.0,47.0,43.0,41.0,43.0,48.0,53.0,58.0,63.0,67.0,70.0,71.0,73.0,75.0,76.0,77.0,78.0,80.0,80.0,80.0,79.0,76.0,70.0,62.0,55.0,49.0,44.0,42.0,44.0,49.0
2025-11-20 02:32:48+00:00,2025-11-20 00:00:00+00:00,80.0,89.0,90.0,92.0,92.0,92.0,89.0,91.0,94.0,95.0,95.0,97.0,97.0,95.0,91.0,96.0,96.0,91.0,93.0,90.0,81.0,74.0,72.0,72.0,82.0,82.0,81.0,86.0,78.0,71.0,76.0,79.0,76.0,78.0,79.0,79.0,79.0,81.0,80.0,80.0,76.0,78.0,75.0,74.0,70.0,69.0,70.0,75.0,80.0,62.0,65.0,71.0,74.0,74.0,76.0,77.0,76.0,76.0,76.0,77.0,78.0,78.0,78.0,79.0,74.0,63.0,56.0,50.0,46.0,44.0,44.0,47.0,57.0,64.0,69.0,74.0,78.0,81.0,83.0,85.0,86.0,88.0,88.0,89.0,90.0,91.0,92.0,92.0,84.0,72.0,64.0,59.0,55.0,53.0,53.0,54.0,65.0,73.0,75.0,78.0,81.0,83.0,82.0,84.0,85.0,85.0,88.0,90.0,92.0,92.0,92.0,92.0,84.0,73.0,62.0,54.0,48.0,45.0,47.0,51.0,56.0,60.0,65.0,69.0,72.0,74.0,75.0,74.0,71.0,69.0,68.0,68.0,68.0,68.0,67.0,64.0,58.0,50.0,43.0,37.0,32.0,30.0,32.0,37.0,42.0,45.0,48.0,51.0,54.0,56.0,57.0,56.0,54.0,53.0,53.0,52.0,52.0,51.0,50.0,48.0,46.0,43.0,42.0,42.0,43.0,45.0,47.0,49.0
2025-11-21 02:33:24+00:00,2025-11-21 00:00:00+00:00,62.0,79.0,80.0,77.0,80.0,80.0,84.0,81.0,78.0,77.0,71.0,69.0,65.0,66.0,66.0,74.0,82.0,73.0,69.0,68.0,68.0,65.0,65.0,72.0,81.0,81.0,77.0,75.0,75.0,78.0,78.0,79.0,80.0,80.0,77.0,77.0,78.0,79.0,78.0,76.0,78.0,79.0,73.0,68.0,67.0,68.0,66.0,73.0,81.0,65.0,68.0,73.0,77.0,80.0,82.0,84.0,87.0,88.0,90.0,91.0,92.0,92.0,93.0,92.0,85.0,74.0,67.0,61.0,57.0,55.0,54.0,56.0,65.0,73.0,77.0,81.0,84.0,86.0,89.0,91.0,92.0,93.0,94.0,95.0,94.0,92.0,90.0,87.0,80.0,65.0,54.0,46.0,42.0,38.0,36.0,36.0,40.0,46.0,50.0,56.0,54.0,51.0,52.0,52.0,51.0,51.0,51.0,53.0,54.0,54.0,54.0,54.0,54.0,49.0,43.0,38.0,33.0,30.0,30.0,31.0,34.0,40.0,47.0,52.0,53.0,52.0,51.0,51.0,51.0,51.0,51.0,52.0,52.0,52.0,53.0,52.0,49.0,45.0,41.0,37.0,33.0,32.0,35.0,40.0,45.0,49.0,53.0,56.0,58.0,60.0,62.0,65.0,68.0,71.0,73.0,74.0,74.0,74.0,74.0,72.0,66.0,57.0,50.0,44.0,39.0,37.0,39.0,44.0
2025-11-22 02:29:19+00:00,2025-11-22 00:00:00+00:00,57.0,60.0,67.0,71.0,71.0,70.0,72.0,73.0,77.0,80.0,80.0,82.0,79.0,76.0,78.0,77.0,77.0,74.0,68.0,66.0,63.0,61.0,61.0,68.0,79.0,79.0,77.0,74.0,81.0,89.0,90.0,92.0,89.0,92.0,91.0,91.0,91.0,94.0,100.0,100.0,100.0,100.0,100.0,97.0,92.0,88.0,85.0,85.0,86.0,72.0,75.0,78.0,81.0,83.0,86.0,88.0,90.0,92.0,93.0,93.0,93.0,93.0,92.0,91.0,84.0,69.0,59.0,51.0,45.0,41.0,38.0,41.0,48.0,53.0,54.0,59.0,57.0,52.0,52.0,54.0,54.0,56.0,57.0,59.0,59.0,57.0,58.0,61.0,57.0,49.0,41.0,36.0,33.0,30.0,32.0,40.0,46.0,49.0,51.0,53.0,55.0,55.0,56.0,56.0,55.0,56.0,54.0,54.0,54.0,52.0,53.0,53.0,52.0,47.0,41.0,37.0,34.0,33.0,36.0,41.0,46.0,48.0,50.0,52.0,56.0,61.0,64.0,65.0,65.0,65.0,66.0,68.0,69.0,70.0,70.0,68.0,62.0,55.0,48.0,43.0,39.0,38.0,41.0,46.0,50.0,52.0,54.0,55.0,56.0,57.0,58.0,59.0,61.0,63.0,65.0,67.0,70.0,77.0,84.0,87.0,80.0,69.0,57.0,47.0,37.0,30.0,28.0,30.0
2025-11-23 03:18:00+00:00,2025-11-23 00:00:00+00:00,56.0,64.0,60.0,53.0,86.0,91.0,92.0,92.0,88.0,91.0,91.0,91.0,88.0,89.0,88.0,86.0,93.0,92.0,86.0,77.0,76.0,71.0,67.0,69.0,77.0,77.0,78.0,77.0,77.0,77.0,78.0,86.0,83.0,83.0,86.0,88.0,87.0,88.0,93.0,99.0,100.0,97.0,89.0,81.0,74.0,67.0,64.0,66.0,77.0,71.0,76.0,81.0,82.0,85.0,85.0,85.0,83.0,81.0,76.0,74.0,73.0,73.0,73.0,72.0,70.0,57.0,47.0,41.0,37.0,35.0,36.0,45.0,50.0,54.0,57.0,60.0,63.0,66.0,68.0,70.0,67.0,64.0,62.0,62.0,62.0,62.0,64.0,64.0,61.0,52.0,44.0,38.0,35.0,33.0,33.0,37.0,45.0,49.0,52.0,55.0,57.0,60.0,64.0,65.0,69.0,69.0,66.0,66.0,66.0,62.0,60.0,59.0,56.0,51.0,42.0,39.0,37.0,37.0,41.0,48.0,54.0,59.0,63.0,66.0,69.0,71.0,73.0,74.0,75.0,75.0,75.0,76.0,75.0,73.0,70.0,67.0,63.0,58.0,54.0,50.0,46.0,44.0,47.0,52.0,57.0,61.0,64.0,67.0,71.0,74.0,77.0,78.0,77.0,77.0,78.0,79.0,79.0,78.0,76.0,72.0,67.0,60.0,53.0,46.0,39.0,35.0,35.0,39.0
