forecast_day,time_of_1h,1h,2h,3h,4h,5h,6h,7h,8h,9h,10h,11h,12h,13h,14h,15h,16h,17h,18h,19h,20h,21h,22h,23h,24h,25h,26h,27h,28h,29h,30h,31h,32h,33h,34h,35h,36h,37h,38h,39h,40h,41h,42h,43h,44h,45h,46h,47h,48h,49h,50h,51h,52h,53h,54h,55h,56h,57h,58h,59h,60h,61h,62h,63h,64h,65h,66h,67h,68h,69h,70h,71h,72h,73h,74h,75h,76h,77h,78h,79h,80h,81h,82h,83h,84h,85h,86h,87h,88h,89h,90h,91h,92h,93h,94h,95h,96h,97h,98h,99h,100h,101h,102h,103h,104h,105h,106h,107h,108h,109h,110h,111h,112h,113h,114h,115h,116h,117h,118h,119h,120h,121h,122h,123h,124h,125h,126h,127h,128h,129h,130h,131h,132h,133h,134h,135h,136h,137h,138h,139h,140h,141h,142h,143h,144h,145h,146h,147h,148h,149h,150h,151h,152h,153h,154h,155h,156h,157h,158h,159h,160h,161h,162h,163h,164h,165h,166h,167h,168h
2025-11-05 01:14:34+00:00,2025-11-05 00:00:00+00:00,5.802549,4.585631,3.3104787,3.296275,1.3961477,0.6910062,0.30241114,-0.28943503,-1.4650645,0.729454,1.289437,0.63071746,-0.99637944,-1.9413549,-2.7104647,-2.8996015,-3.2568834,-3.504103,-1.2114733,1.4888821,1.4442506,0.7699885,3.7508752,4.0177274,4.160191,2.3073707,1.4148098,1.6137333,0.9183566,1.1444882,1.1598468,0.8749097,1.3218588,0.42434075,-1.0083226,-0.29184195,-0.955714,-0.81344724,-0.7400647,-0.71775097,0.36694098,1.1600713,1.5096052,-0.26464707,0.49744993,0.9490265,0.8099887,1.6695787,2.0178792,1.6559752,1.3394178,0.9188167,1.1134804,0.85420334,0.78661543,1.648785,2.3403404,2.1041374,2.5256288,2.7719762,2.3156404,2.0520327,3.5073261,3.9005654,3.6571496,3.0301354,0.8774438,-0.15268551,-0.9980506,-1.117779,-0.8931793,-0.8068095,-1.3758543,-1.577437,-1.5243516,-1.4593188,-1.4937607,-1.4409173,-1.3298553,-1.2869712,-1.5228724,-1.8181827,-2.0150592,-2.3192098,-2.564992,-2.8107786,-3.154887,-3.4498434,-3.0785131,-2.5432913,-2.2435663,-2.0852563,-2.0387704,-2.0037668,-1.7864953,-1.6288465,-1.5878421,-1.9046988,-1.9187499,-1.9924439,-2.2229238,-2.5146062,-2.882928,-3.0493839,-3.1952379,-3.2924757,-3.438334,-3.5435638,-3.62398,-3.7551305,-3.8798857,-4.015252,-3.775433,-3.789012,-3.4207046,-3.0749505,-2.5031831,-1.8858606,-1.3947637,-1.3487324,-0.9677399,-0.059485756,0.79213244,1.5820147,1.9221923,1.949931,1.975363,1.828748,1.7310038,1.6332581,1.364289,1.093711,0.87014973,0.5781447,0.33479932,0.23674233,0.5861597,1.0221529,1.0417136,1.2467414,1.2826304,1.735609,2.320537,2.8872259,2.9673715,2.9481592,3.029137,2.9448655,2.5130951,1.8796315,1.2927847,0.9101758,0.5753716,0.28837982,0.29868108,0.20285179,0.3057713,0.16550933,-0.02642838,0.16550933,0.61799395,0.9081552,1.0464844,1.3257511,1.5424374,2.188503,2.886609,3.2737796
2025-11-06 00:59:19+00:00,2025-11-06 00:00:00+00:00,2.5666788,2.1498618,1.4872386,0.74813175,-0.02760757,-0.42865965,0.5148465,1.0188533,1.0025498,-0.11406405,2.7471902,1.3179064,0.74061424,-0.19425875,-0.1268934,-0.28943503,1.432909,1.2864231,1.5843977,1.8201503,2.3626707,3.0406213,3.3259466,2.0085034,1.3905768,0.59719604,0.77622527,1.9720798,1.7325743,1.7676603,2.2289946,2.1636777,2.355268,2.5577123,4.3439813,4.6066446,4.259961,2.7058353,1.7220255,1.3099345,1.231928,1.8693398,0.99447054,-3.5344734,-3.4787798,-3.8388898,-4.2054877,-3.5069468,-3.4388726,-3.4578376,-3.1277523,-3.1042588,-3.0563202,-2.885206,-2.9947417,-3.0285656,-3.0980015,-3.2924757,-3.5841951,-4.021793,-4.2649126,-4.4365306,-4.7278643,-5.0192084,-4.65438,-4.522375,-4.115352,-4.204328,-4.127285,-4.126239,-3.9441428,-3.6110137,-3.770153,-4.2951255,-4.154374,-4.2257595,-4.4630523,-4.700358,-5.10187,-5.4111743,-5.676078,-5.912132,-5.9593444,-6.179676,-6.242631,-6.45039,-6.348824,-6.111606,-5.3137155,-5.3631682,-4.8409076,-4.308722,-3.959832,-3.4676902,-2.4358432,-0.93944514,-1.8622915,-2.0326645,-1.4699906,-1.0149859,-0.8397598,-0.73673934,-0.6479693,-0.8386783,-1.0770749,-1.4283626,-1.6394672,-1.6869841,-1.829538,-1.829538,-1.829538,-1.8060876,-1.0934588,-0.932962,-0.714139,-0.4158356,-0.1600749,0.19832376,0.44047472,0.7335528,0.9084276,0.6794641,0.4708225,0.03145807,-0.27517378,-0.7885739,-0.96243244,-1.0481616,-1.3762996,-1.420789,-1.5641291,-1.4402229,-1.5498223,-1.5919513,-1.8091756,-1.6869841,-1.2328953,-0.7485052,-0.39591488,-0.21534154,0.24201874,0.9149422,1.6034198,1.8815275,1.9598836,1.7972949,1.7231879,1.6105882,1.462794,1.2213093,1.0281153,0.5979304,0.06935929,-0.27018857,-0.5159209,-0.5638425,-0.707609,-0.8922181,-1.0007408,-0.80749106,-0.14213668,0.5534444,0.9953699,1.2190981,1.841906,2.070781,2.389951,2.418948
2025-11-07 00:57:15+00:00,2025-11-07 00:00:00+00:00,1.1643364,0.4681887,0.32820806,0.018751873,0.20417893,0.17124563,-0.8902077,-0.02760757,1.3546011,1.5843977,1.7728941,3.1626756,1.7764552,0.9329286,-0.279463,-1.4256382,-2.426064,-2.320614,0.103666335,0.045859788,-0.5289279,-1.4240772,-1.9013696,-2.5659916,-2.88057,-3.2800353,-3.3695967,-2.9621081,-3.2022176,-3.682962,-4.171302,-4.6577196,-5.8682256,-5.5096416,-6.349305,-6.375731,-6.5871325,-6.7638006,-6.9533963,-6.61439,-4.567626,-1.3764298,-1.1201398,-2.7143283,-2.8216078,-2.6393595,-2.6020854,-2.3644137,-2.4671004,-2.8565645,-2.8299603,-3.0131173,-3.152202,-3.391925,-3.7755027,-4.0183196,-4.4547143,-4.7498093,-5.0361094,-5.2521214,-5.4598174,-5.5756946,-5.742256,-5.723288,-4.9546556,-5.088478,-4.699237,-4.0385966,-4.136717,-3.467697,-2.6884594,-0.98571223,-1.6575844,-1.8936316,-1.7124134,-1.2184448,-1.0472412,-0.60029316,-0.5848083,-0.66836935,-0.9554274,-1.0511162,-1.349007,-1.5062177,-1.6663668,-1.761572,-1.7820195,-1.4969194,-0.67494804,-0.5807189,-0.4868315,-0.38410407,-0.526625,0.1527056,1.5216728,1.7695168,1.2343205,0.7513983,0.45935404,0.118769325,-0.3535915,-0.7315182,-0.92049456,-1.2184448,-1.3131222,-1.2369409,-1.2843668,-1.2843668,-1.3131222,-1.2898872,-1.1094794,-0.90753937,-0.4151835,-0.2725586,-0.1502269,0.35365936,0.8295667,1.4638324,2.18288,2.477218,2.6142278,2.566332,2.52521,2.3757854,2.271521,2.2230802,2.0372195,1.7525643,1.4659429,1.3212818,1.2213093,1.0214293,0.9150616,0.6115848,0.5781447,0.5630606,1.0788541,1.620895,1.753905,1.8157645,2.0121768,2.188503,2.7334642,3.2149854,3.2047143,3.0436118,2.9812453,2.8009448,2.5687566,2.184301,1.8959421,1.5055062,1.2089797,0.8623482,0.6232022,0.5861597,0.3945084,0.011188058,-0.2763198,-0.20275044,0.35493043,0.7636412,1.0524459,1.312115,1.4934733,2.0254564,2.8519871,3.0831184
2025-11-08 00:52:22+00:00,2025-11-08 00:00:00+00:00,-2.562452,-2.9308817,-2.9745564,-3.036509,-3.0209656,-3.1851416,-3.5892916,-4.2322626,-4.3471727,-4.2885213,-4.479036,-5.0834293,-5.4905496,-6.7013845,-7.347484,-7.850466,-5.4144855,-2.0739224,-2.5534759,-2.642576,-2.7344694,-3.4565854,-3.7392473,-4.0972047,-4.657118,-5.9797797,-5.8842382,-5.7709203,-5.816011,-6.321841,-6.689182,-7.0127335,-6.831876,-7.1946626,-7.9491034,-7.973184,-7.8426037,-7.935114,-8.158586,-8.339075,-8.00302,-5.5224175,-4.2018337,-1.7734208,-1.3463227,-0.6686755,-0.28600955,0.79805386,0.032262936,-0.004036374,0.6391287,1.1014841,1.256886,1.6105882,1.8921155,2.1025264,1.7624029,1.533496,1.214924,0.9798161,0.5513902,0.3097302,0.20978165,0.19271173,0.7832503,1.1488224,1.189103,1.3617531,1.317935,1.701823,3.169112,3.4065454,2.498473,1.8569349,1.6771865,1.6771865,1.2994416,1.0058621,0.5648821,0.3325077,0.23734188,0.55163455,0.72197044,0.5382474,0.4058763,0.3057713,0.16618341,0.16388221,0.7131524,0.8614021,1.4462525,1.968443,2.6633122,2.9875321,3.2105722,3.385178,3.1576161,2.9077854,2.7827346,2.7506013,2.5246675,2.3940513,2.1157014,1.9808712,1.7870986,1.6305333,1.2057519,0.4892922,-0.22196247,-1.043079,-1.6015877,-1.9483851,-1.185923,-1.3934929,-0.78871596,-0.31024095,0.5934421,1.2222935,1.5579983,1.650398,1.5758964,1.493444,1.7025063,1.7597708,2.010103,2.0812914,2.1882586,1.8994304,1.4633797,1.0173498,0.89550954,0.90346354,0.801911,0.5648821,0.13819988,0.118769325,0.5181135,1.2190981,1.3415078,0.78626263,0.37115252,-0.4045248,0.06863148,0.91699773,1.0455195,0.81047016,0.6819916,0.4708225,0.1245853,-0.154805,-0.29451004,-0.55137056,-0.6734538,-0.4119611,0.45773205,1.7829393,2.6214783,3.3770013,3.871275,4.5163693,5.137964,5.5188613,6.0934377,6.8723865,7.4455495,7.902021,8.016541,7.801017
2025-11-09 00:58:35+00:00,2025-11-09 00:00:00+00:00,-0.7875723,-0.4726982,-0.54194605,-1.4794873,-2.633582,-3.5892916,-3.608113,-4.027386,-4.95792,-6.597342,-7.2978525,-7.1946626,-7.0740457,-7.2523894,-7.3887014,-7.3215666,-6.984152,-4.7380366,-4.610731,-3.8723621,-3.7915456,-3.1903014,-3.4823139,-3.490896,-5.6785135,-6.672314,-6.777913,-6.255491,-5.949369,-5.774467,-5.707545,-5.4783773,-5.4343367,-5.5224175,-5.566459,-5.949369,-6.080558,-6.183162,-6.585488,-6.6733065,-6.161046,-4.3832,-4.474306,0.37750164,0.58630705,0.7395852,2.2846432,2.380692,1.6045282,1.1418524,0.9160685,0.5046838,0.26992238,-0.014879921,-0.20346025,-0.015106744,0.07802264,0.1245853,-0.04183502,0.12352476,-0.30919197,-0.3142457,-0.19369209,-0.094299495,0.43806195,0.5637326,0.7141267,1.2802025,1.9633515,2.3276234,2.4999838,2.9444985,2.8537223,2.3211856,2.3765311,2.3691635,2.262826,2.297005,2.2799435,2.2322102,2.423139,2.8854609,2.9531894,2.9605887,2.9889305,3.0723164,3.2187054,3.319836,3.4740174,3.7765849,3.879251,3.9432797,4.0712814,3.9457743,4.2260394,4.789307,4.4906764,4.1668515,3.9737394,2.7896764,1.7025063,1.2424235,1.13373,1.306085,1.1649754,1.210676,1.2897348,1.6299698,1.7829393,2.1165023,2.089009,2.129272,2.425684,2.3822567,2.5450032,2.7776444,2.7569988,3.1330266,3.4238164,3.8047838,4.0826435,4.7936554,5.4142814,5.3470416,3.8065944,1.6981009,0.06992674,-0.48010355,-0.7592366,-0.8892766,-1.3921677,-2.0091581,-2.4286647,-2.903532,-3.4685624,-3.810367,-4.2264137,-4.7228465,-5.5275292,-5.737566,-5.772213,-5.552636,-5.6622996,-5.7602463,-5.3631697,-4.7228465,-3.7275543,-2.8649101,-1.9017292,-1.0071784,-0.4892823,-0.5615,-1.0489734,-1.5368866,-1.9359767,-2.3350682,-2.534614,-2.4348412,-2.0856357,-1.8600416,-1.7121181,-1.5384163,-1.6690774,-1.6623243,-1.5702853,-1.1807207,-0.3272304,0.6532693
2025-11-10 01:00:49+00:00,2025-11-10 00:00:00+00:00,-2.2548778,-3.2819777,-2.84944,-3.2190742,-3.4921446,-4.2042723,-5.478539,-5.5231786,-4.962543,-5.96836,-6.3415103,-6.1196866,-5.924152,-6.183162,-6.409864,-7.163316,-6.7155375,-5.621384,-4.3548098,-4.0641465,-3.6870139,-3.8127108,-3.3857994,-1.2021962,-2.3102293,-2.4008443,-2.1325805,-2.7105033,-1.548605,-0.65990114,2.7891436,3.1539254,3.8038294,3.2944238,2.2330267,1.5080793,1.4594129,3.1857305,3.007827,1.6868193,3.703237,4.831882,5.085093,1.3109002,1.7695168,1.9064946,2.1967003,2.3839521,2.2322102,1.9957078,1.8999064,1.8491515,1.60768,1.3698771,1.2254453,1.2927847,1.3316362,1.6646338,1.8980677,1.8893697,1.8994304,2.089009,2.0881827,2.2804163,2.8527052,2.6638129,2.990133,3.2190974,3.238072,3.1926513,3.6465318,4.509984,3.385178,2.3839521,1.4511589,1.2088822,0.88027227,0.74161774,0.59858453,0.74161774,0.6004892,0.6004892,0.36382928,0.31095925,0.2604678,-0.011130731,0.029803129,0.176013,0.6580855,0.5862699,0.42173606,0.95972353,2.6262527,2.9628425,3.5962093,4.0055046,4.1030555,3.011412,2.0548565,0.49926147,0.68849987,1.1885,1.3065865,1.5124985,1.5124985,1.4981166,1.4063563,0.57884663,-0.018790582,-0.324804,-1.1519226,-1.5327355,-1.004664,-2.0492039,-3.5197785,-3.7679045,-3.777138,-3.6837065,-3.5352335,-3.3241615,-3.1088428,-2.5374966,-1.88264,-1.543953,-1.6310424,-2.1556656,-2.2955458,-2.0484993,-1.7614006,-1.4736546,-1.4244369,-1.367145,-1.5642715,-2.2119384,-2.9582527,-3.2628121,-2.6861274,-1.5746284,-0.7128985,-0.02854927,0.6281414,1.2040164,1.6487644,1.9683132,2.110411,2.1602368,2.066991,2.0179596,1.8185239,1.6697654,1.518726,1.6135409,1.9103161,1.8544353,1.4098351,0.56332827,0.1192675,0.020585665,0.3723969,0.90870136,1.7929347,2.7679536,3.442653,3.9690816,4.2504687,4.64769,5.0058727,5.284511
2025-11-11 00:56:30+00:00,2025-11-11 00:00:00+00:00,-1.8056507,-3.7953663,-3.481956,-3.21539,-3.4307554,-2.19241,-1.1908828,-0.7820684,-1.3399434,-0.026238967,0.77992654,0.77992654,0.10349811,-0.8614394,-0.46441984,-0.3697618,0.9399125,4.499724,4.1630588,4.78766,4.9591274,4.829937,4.309411,4.22277,3.0450213,1.7210966,1.4283518,1.2864231,0.82390636,0.4460858,-0.3717792,-3.080116,-3.247861,-3.061137,-3.016846,-2.7954056,-2.6625538,-2.6625538,-2.706838,-2.964657,-2.0025098,-1.587067,-1.4478579,2.8195002,3.101527,3.1393015,3.7778172,4.7129436,4.403192,4.045758,3.2047143,1.9175597,1.3520621,1.0531756,1.0681937,0.8782344,0.5648821,0.4700679,0.23302172,-0.004036374,-0.117404446,-0.105234765,0.012162536,0.106810026,0.97416383,0.8059461,1.135878,1.1836128,1.7768465,2.07291,3.5919325,3.3225274,3.0087166,2.943508,3.0930293,3.093428,3.376829,3.6410773,4.141189,4.3320484,4.9230256,6.792685,7.053794,7.6095862,7.0154195,5.965849,5.5096655,5.595261,5.9857073,6.206581,6.1286182,5.381538,4.4707694,3.8515217,3.7650545,3.619537,3.8530319,3.5782778,3.3139274,3.1029084,3.2709014,3.3687701,3.3687701,3.0751631,2.5256288,1.994117,1.7556365,1.5640779,1.3167622,0.96522564,0.6688133,0.31662926,0.85126334,1.0810114,0.8639177,0.42479438,-0.05624319,-0.4937192,-0.4798042,-0.43055403,-0.29451004,-0.36851215,-0.3543836,-0.3451046,-0.3405263,-0.57534045,-0.76320136,-1.0481616,-1.2898872,-1.3366681,-0.9510718,-0.4008302,-0.09886326,0.09458947,0.11479524,0.30546805,0.7832503,1.2578056,1.5158864,1.419251,1.429882,1.4498731,2.3285322,2.8398433,2.9051366,2.4302685,1.9481231,1.7042699,2.3300345,3.166974,3.5339472,3.107732,2.4627721,1.805434,1.3482885,1.0884998,0.7884999,0.6385,0.6385,0.58849984,0.4885,0.33850002,0.28849998,0.28849998,0.33850002,0.3885,0.4885,0.53849995
2025-11-12 00:57:35+00:00,2025-11-12 00:00:00+00:00,5.5671573,3.3806303,2.63358,2.2093353,2.326629,1.1213318,0.36694098,0.2815942,-0.20676042,-0.77860457,-1.3591136,-1.7342476,-2.0719638,-2.209149,-2.0551276,-2.0910413,-2.2748742,-1.444844,-1.1675363,-0.79726714,-0.8855496,-1.2357464,-1.537282,-1.8805385,-2.7230744,-3.109424,-3.076338,-2.7696211,-2.6819963,-2.9448826,-3.6333675,-3.5023656,-3.4622898,-3.6124191,-3.699063,-3.9590185,-3.8723621,-4.2537265,-4.3758926,-4.2160454,-1.5987318,0.3728566,-1.7669278,1.1664807,1.2971139,0.75779706,1.4915478,2.2027512,3.7299345,3.4890618,3.9871144,4.0923715,4.666141,5.0734763,5.3978024,5.2785597,5.2785597,5.30731,5.4710574,5.80809,6.3411584,7.188873,7.4913945,6.540374,5.125127,4.756702,4.91697,5.185988,5.5136633,5.4985404,5.4446635,5.668431,5.789199,5.522134,5.2979126,4.954002,4.84115,4.529728,4.003659,3.4741251,3.1387804,3.7917347,3.8730872,3.8730872,3.7558036,3.6856456,3.7346468,3.881647,3.979647,4.3644223,4.6899085,4.7744584,4.36993,4.842005,4.9572287,5.10267,5.1302543,5.1065865,5.1996536,5.4602747,5.58682,5.592333,5.5426908,5.592333,5.4380813,5.487661,5.3389206,4.595209,4.3473015,4.581114,4.559389,4.4963055,4.6100836,4.6899085,4.6167097,4.696956,4.7308745,4.752954,4.8749886,5.1289926,5.2353935,5.1215653,5.151527,5.0049562,5.0813274,5.2045755,5.15558,5.0324006,5.1302543,4.9072404,4.738836,4.420635,3.979647,3.3426352,2.5858006,2.1658497,2.1892002,2.5208066,2.5699627,2.4213893,2.3884587,2.5728827,2.8241704,3.093428,3.1867867,3.3375971,3.4909353,3.5308764,3.7057865,3.7896812,3.950618,3.8091664,3.5595298,3.3489215,3.2274654,3.196295,3.107732,2.9617066,2.6618369,2.3595395,2.104741,1.8976576,1.5480593,1.1984605,0.89880407,0.6990328,0.64908993,0.7884999
2025-11-13 01:13:11+00:00,2025-11-13 00:00:00+00:00,-0.892702,-1.2868855,-1.4381043,-1.509629,-2.308034,-2.3317096,-2.2679174,-1.2294264,-1.8937753,-2.0752285,-3.470818,-4.112561,-4.084503,-3.3713765,-2.83787,-2.1931102,-1.1491162,0.5274421,-2.3285103,-2.1791935,-2.6022315,-2.8384085,-3.0489173,-2.9854577,-1.6641845,-1.8935794,-1.9099015,-2.178004,0.030646628,1.6287645,3.6285803,2.5666788,2.712506,1.7463299,1.0524651,3.6801333,5.865258,5.8780227,7.8337746,7.8864822,5.6875033,6.1296496,6.0113935,6.959959,7.1140604,6.8161945,6.508045,6.334365,6.53628,6.7486115,6.6014395,6.5260954,6.182215,5.644588,5.571194,5.3258853,4.92331,4.003659,4.102189,4.2499843,4.324258,4.5948334,4.5118194,4.20072,4.418649,4.4082346,4.618325,4.462008,4.2917047,4.2021775,3.9871144,4.597197,4.890975,4.908584,4.8856196,4.8843203,4.6166244,4.5609517,4.5118194,4.4427376,4.4696336,4.4918036,4.4135556,4.2837343,3.8687735,3.8194435,3.2767975,2.8705142,3.0598881,3.391573,3.7117305,3.6073337,3.6606822,3.6021836,3.5083556,3.754177,3.795342,3.684061,3.6331778,3.595076,3.6090643,3.5391307,3.5155704,3.412323,3.3817341,3.250517,2.8234775,2.1939387,1.2278947,0.88773465,0.8056801,0.85420334,1.3615508,1.7597708,2.1531606,2.5126078,2.8502555,3.130007,3.3676121,3.4557798,3.4254034,3.568478,3.828294,4.1120477,4.191563,4.3584824,4.5163693,4.5920515,4.5431237,4.5186315,4.529728,4.482201,4.202343,3.5576189,2.5623045,1.9111074,1.6058952,1.4981166,1.3482885,1.3482885,1.3982314,1.4481739,1.3482885,1.1984605,0.9986898,0.55831164,-0.07537187,-0.5178496,-0.7664004,-0.96524227,-1.2137955,-1.5120617,-1.8600416,-2.0588887,-2.0588887,-1.9594651,-1.9097533,-2.0163882,-2.3150125,-2.4068732,-2.2448874,-1.9259672,-1.7597126,-1.7501099,-1.7120302,-1.7103345,-1.5193676,-1.1840173
2025-11-14 00:57:47+00:00,2025-11-14 00:00:00+00:00,2.6337285,2.096771,3.3571098,4.600259,4.175588,3.9272747,3.5463278,3.5687823,4.1239166,4.5777454,5.7564464,5.6098146,4.791051,5.654792,5.174025,7.2886195,7.487907,6.9842076,4.901233,4.4592485,5.322452,5.7640047,5.9266634,6.076347,5.0051656,3.0564826,1.7036624,0.13884336,-0.09908419,-0.28943503,-0.718606,-1.2072824,-1.2545305,-1.7086358,-1.8969268,-1.6797922,-1.1270846,-0.90829176,-1.3301294,-0.9555631,-0.48964664,-0.10852858,1.1146466,3.7165492,3.7650545,3.7650545,3.862066,3.8749592,3.8383331,4.053824,4.0286465,3.979647,3.3981228,2.906095,2.644673,2.3135457,1.6457076,1.253094,1.0077041,0.64721656,0.59820336,0.28551605,0.18762144,0.18762144,1.048293,1.3526971,1.6876326,2.1290412,2.3027472,2.5401237,2.8061643,3.568478,2.8140097,2.862142,3.0570056,3.3460865,3.684061,3.6680431,3.8029437,3.6368592,3.8326473,4.261043,4.1945767,4.2921586,3.881647,3.971355,3.8687735,3.7701125,4.1756434,4.4068503,4.0658913,3.7742891,3.740031,3.5505328,3.757235,3.9702914,3.4878268,3.3913877,3.4628882,3.7896812,4.36979,4.9725075,5.262711,5.163928,4.431331,3.8539393,3.2709014,3.0976222,3.1360517,2.9886398,2.8234775,2.6075802,2.50957,2.5955346,2.990591,3.1468356,3.3510885,3.40061,3.3510885,3.2520452,3.2025228,3.3060668,3.3060668,3.4080374,3.4080374,3.4080374,3.3583932,3.2599406,3.1097302,3.0072703,2.8577943,2.7581437,2.658493,2.4591906,2.2100627,2.0107594,1.7660388,1.6196264,1.4221948,1.4705038,1.6619769,1.5623246,1.1225485,0.528205,0.0759764,-0.12163993,-0.16719021,-0.2147111,-0.21621168,-0.27444717,-0.28126994,0.009573287,0.35877073,0.6081967,0.7489756,0.6990328,0.54920423,0.017694548,-0.8096535,-1.3567849,-1.4657079,-1.276785,-1.2010092,-1.2995185,-1.4174811,-1.5237709,-1.5723083,-1.5148399
2025-11-17 01:02:22+00:00,2025-11-17 00:00:00+00:00,6.368258,5.555598,4.575482,3.1447904,2.2578504,2.8132048,3.829217,4.962905,5.802549,5.506208,5.0616875,4.132692,2.9420996,2.971307,1.5017701,1.4330612,2.3420637,4.833267,7.0139008,7.596203,7.7439666,7.5300627,7.230468,7.57628,6.9728827,4.610669,3.1795733,2.3724,2.0743654,1.8075913,1.4674555,1.304734,1.0787121,0.9329286,1.0680388,0.8466146,0.36556262,-0.094651416,-0.23979829,-0.384948,0.7871425,3.94864,5.0051656,2.7576597,2.7310367,3.418188,2.5733259,1.3250806,1.1202615,0.8728671,1.1553924,1.7190413,1.6693338,1.6167377,1.6058952,1.3065865,0.9986898,0.7489756,0.54920423,0.54920423,0.64908993,0.49926147,0.20911485,0.10934412,-0.5675596,-0.21621168,0.12960795,0.40689045,0.43325847,0.82642424,1.0567826,1.3512483,0.7726576,-0.01659792,-0.31376815,-0.41293254,-0.5121122,-0.71000034,-0.8090592,-1.1565459,-1.255484,-1.5050074,-1.706429,-1.7557749,-2.0078151,-2.2119384,-2.310379,-2.310379,-1.1829939,-0.29626507,0.35780367,1.0536577,1.3531199,1.7155085,1.7716174,2.3448203,1.1573039,0.64475566,0.46011782,0.2417128,0.118091,-0.057119153,-0.18603374,0.026099946,0.347293,0.11123076,-0.1767791,-0.6208577,-0.7195434,-0.6702006,-0.6702006,-0.81822956,0.24886909,1.1307071,1.7068702,2.1165023,2.200279,2.2883992,2.555535,2.4726446,2.3454642,2.1451373,1.9264919,1.802777,1.4601878,1.2154745,1.0467676,1.093711,1.3250806,1.3995391,1.3600417,1.408414,1.4567851,1.4567851,1.5051569,1.6986384,1.9940301,2.4784818,2.712922,2.775139,2.5875983,2.3304408,2.330559,2.1772504,1.8974448,1.7275691,1.5027963,1.364289,1.1933933,1.33338,1.1373373,0.99030316,0.67708665,0.36248744,0.16697085,-0.02854927,-0.057119153,-0.17022966,-0.4022554,-0.31747875,0.0129775535,0.44242194,0.5910791,0.56477225,0.9026809,0.95690453,1.2821561,1.6170639
2025-11-19 02:38:34+00:00,2025-11-19 00:00:00+00:00,1.985,1.385,1.069361,1.4187192,1.4679482,1.4657339,1.1593728,0.7723719,-0.069593064,-1.272032,-2.199304,-2.101367,-2.1661637,-3.492025,-4.001259,-6.0425916,-3.7475376,-0.4435623,-0.30133638,-0.080644116,-0.38461247,-0.32243317,-0.53166276,-0.77020323,-2.551636,-3.3667743,-3.6970665,-3.6970665,-3.8274257,-3.9615538,-3.9145477,-3.403577,-3.7734299,-2.7443469,-2.4831808,-2.4359183,-2.65018,-2.5647478,-2.5647478,-1.0398335,-0.5147366,1.7919918,2.6134477,2.8493645,2.7528033,3.8038294,3.6377437,3.422065,1.4807318,2.2836795,2.3778183,2.3978224,2.3060095,2.3111153,1.9597777,1.5086362,1.5086362,2.1081636,0.9734243,0.57161766,0.47633883,0.2277939,1.1225485,1.2732519,1.311034,1.33338,1.214924,1.256886,1.0937676,0.8639177,0.87443745,1.3316362,0.9027262,0.9095471,0.93782395,0.74098295,0.59335047,0.347293,0.357614,0.347293,0.24886909,0.06195371,-0.24326071,0.012676697,-0.19404703,-0.43111837,-0.59556705,-0.77424514,-0.65014786,-0.52484673,-0.5334962,-0.27517378,-0.16344273,-0.060502794,0.032002322,0.88075405,0.2507669,0.30856836,0.24739876,0.2957784,0.30457366,0.17485367,0.36263794,0.31360874,0.18762144,-0.3707185,-0.6857273,-1.1254104,-1.3201228,-1.2227662,-1.5635197,-1.6881982,-1.3796291,-1.0764346,-0.8352487,-0.7485052,-0.834421,-0.6059023,-0.11708173,0.24877831,0.25777647,0.20698231,0.005497526,-0.053984348,-0.15089554,-0.28479433,-0.28479433,-0.42994428,-0.3931796,-0.49009526,-0.6234829,-0.9454805,-1.3249775,-1.9503934,-2.4785569,-2.8299603,-2.3853486,-1.8528075,-1.748693,-1.5310962,-1.0693792,-0.7097446,-0.21409032,-0.010098493,-0.13516818,-0.24639368,-0.5084365,-0.66682726,-0.9191315,-1.2903466,-1.5702853,-1.6135006,-1.7601968,-1.71732,-1.5193676,-1.2302469,-0.94030106,-0.76466054,-1.0903629,-1.4597026,-2.07468,-3.2851071,-4.689886,-5.82105,-6.5115223,-7.1470327,-7.59443,-8.249583
2025-11-20 02:36:53+00:00,2025-11-20 00:00:00+00:00,2.4934711,1.4591842,0.12907909,-0.22816207,-0.6643537,-1.8071144,-2.1777139,-1.5271684,-0.78808093,-0.17693043,-0.7236413,0.17145637,0.4774004,-0.10583178,0.26174536,-0.21676892,0.08798862,2.3866239,3.9272177,5.0347533,3.8653212,4.139954,3.892353,2.9280164,2.9514465,2.5498524,2.302547,2.1541626,2.1541626,2.2086012,2.109553,2.0105054,2.4114587,2.4095216,2.1629255,1.9118556,0.9224904,-0.5203364,-0.96189666,-0.17336053,1.1602257,0.86812395,1.4769793,1.9860097,2.1355262,2.4252684,2.089395,1.5107874,0.7751964,0.85126334,0.9095471,0.5806969,0.74098295,0.75181973,0.70254457,0.6039937,0.74098295,0.50544226,0.7113461,0.16860811,-0.02875532,-0.48010355,-0.63697594,-0.7846218,-0.58809793,-0.31535736,-0.1191838,0.035146203,-0.2260924,-0.10675646,-0.10675646,0.87443745,0.40694013,0.4790061,0.33364835,0.28519517,0.005497526,-0.22777377,-0.38156086,-0.63547105,-0.8293096,-1.2525173,-1.6880348,-1.8816061,-2.0409117,-2.1863172,-2.331725,-2.3489463,-2.0944028,-1.7709932,-1.4344321,-1.1229013,-1.0438657,-1.074229,-0.7247518,0.33147418,-0.3535915,-0.5240521,-0.36191887,-0.33348805,-0.07819599,-0.23781154,-0.4770063,-0.52484673,-0.4770063,-0.6205283,-0.44153318,0.28043216,0.92153263,1.6305333,-1.5444353,-2.5753427,-4.6376023,-7.571639,-9.111886,-9.802163,-9.491058,-8.826018,-8.599656,-8.067665,-7.788291,-7.543467,-7.2500978,-7.187085,-6.821644,-6.441105,-5.990559,-5.7926636,-5.754111,-5.79968,-5.861439,-6.056802,-6.252168,-6.5316377,-6.6088786,-6.727281,-6.577282,-6.524208,-6.7243814,-6.9858813,-7.377834,-7.604539,-7.5874944,-7.423489,-7.3292947,-7.3748336,-7.330274,-7.3641043,-7.477696,-7.6227703,-7.7678485,-7.884861,-8.004777,-8.198803,-8.272337,-8.426427,-8.410665,-8.233265,-7.9332943,-7.787995,-7.5572414,-7.516752,-7.5726156,-7.776614,-8.039131,-7.9858737,-7.2342877,-6.4678516
2025-11-21 02:37:31+00:00,2025-11-21 00:00:00+00:00,4.0999284,3.3550744,2.956949,3.0989335,2.5090544,0.7737274,2.0113893,2.1567488,2.250902,0.72413945,-1.1177452,-1.7592288,-1.5184393,-3.2482283,-4.4196,-5.0226073,-3.7820837,1.0327986,1.897713,2.2681308,2.0367594,2.1636777,2.006756,1.8445171,0.776167,-0.7142501,-1.5709045,-2.2420473,-3.2035022,-3.5391202,-3.8845594,-3.9420555,-4.5612955,-5.3819304,-5.601111,-6.0702753,-6.1706195,-6.461756,-6.989379,-7.035633,-6.0600424,-3.7161644,-1.3128406,-1.0470568,-0.81071466,-1.014649,-0.8027941,-0.5809332,-2.7428548,0.20698231,-0.17373037,-0.6037293,-1.1342341,-1.2785474,-1.6156981,-2.0492039,-2.3382242,-2.5309114,-2.7236044,-2.8752463,-3.1571856,-3.4411294,-3.633543,-3.4870005,-2.7344022,-2.0425713,-1.5055257,-1.117779,-0.9060966,-0.8021662,-0.25954494,-0.10675646,-0.57944286,-0.3875587,-0.4008302,-0.30919197,-0.19369209,0.45325062,-0.029037787,-2.399794,-4.6634164,-5.676078,-5.5756946,-5.9820204,-6.504284,-6.583803,-6.7624626,-6.8974543,-6.85528,-6.6304884,-6.960045,-6.871401,-6.8237343,-7.497435,-7.3888183,-6.0860777,-6.215275,-5.9367976,-5.385926,-4.819915,-4.5805683,-4.570743,-4.915783,-4.96353,-5.1120896,-5.408591,-5.6556783,-5.952188,-6.444222,-6.6910157,-6.8390937,-6.8417416,-6.2655873,-5.9157567,-5.6564813,-6.309283,-7.3309307,-7.8486667,-7.329411,-6.8101153,-6.68817,-6.8646326,-7.280173,-7.6018734,-8.155771,-8.780906,-9.170426,-9.40876,-9.430455,-9.62243,-9.819465,-9.914665,-9.867064,-9.73416,-9.415576,-9.076577,-8.64971,-8.27465,-7.74823,-7.3099318,-6.8473845,-5.5528193,-3.6422744,-1.8036829,-0.92144716,-0.7992574,-1.1283432,-1.4126396,-1.4126396,-1.2698351,-1.2200652,-1.1702954,-0.9290309,-0.82937497,-0.5802358,-0.4237541,-0.46813962,-0.96096766,-1.6031117,-1.6527036,-0.6630633,0.82429934,2.014873,2.4627721,2.807969,2.8577943,2.9527733,2.9464486
2025-11-22 02:33:26+00:00,2025-11-22 00:00:00+00:00,2.0661666,1.6946474,-1.3906387,-2.388513,-2.3478825,-2.308699,-3.2035022,-3.2993908,-4.0851803,-5.301724,-5.8827176,-6.0235276,-6.6479816,-5.8832903,-6.4442744,-6.973903,-5.8827176,-2.046573,0.26787293,-0.023754409,0.27473235,0.3279254,0.23728503,-0.15212318,-1.9982183,-2.578384,-2.6970007,-2.84944,-3.1066403,-4.3458633,-4.711799,-4.6658,-4.899164,-4.899063,-4.8526325,-4.507306,-3.7977064,-3.5376594,-3.3100934,-3.6470482,-4.19475,-3.0370429,-2.3527443,-1.9950862,-1.8377774,-1.6157265,-1.056524,-2.62371,-1.4441607,-0.5334962,-0.21187747,0.18975805,0.5861597,1.5933217,1.7138127,-1.2855651,-2.4477386,-3.90418,-3.8712149,-5.2521214,-5.4584913,-6.1906714,-6.6195087,-6.2693934,-5.6564813,-5.032605,-4.7791967,-5.2256513,-5.281108,-6.3719234,-6.464197,-6.3819413,-6.2739277,-5.885647,-5.608855,-5.361364,-5.226539,-5.2468596,-5.0722156,-4.9650745,-5.1609488,-5.2109227,-5.654505,-6.0495358,-6.4946895,-6.8422904,-7.1909566,-7.491672,-7.4489746,-7.691471,-7.564077,-7.729351,-7.5163903,-7.541231,-7.1717324,-6.4787183,-6.7715015,-7.012529,-7.205356,-7.657914,-8.249862,-9.132421,-9.621281,-9.621626,-9.767337,-9.885611,-10.236291,-10.368542,-10.611949,-10.717337,-10.485271,-10.531683,-10.1879015,-10.297096,-9.822548,-8.500563,-6.556475,-4.8517838,-3.0946388,-1.6208459,-0.9555779,-0.9429084,-1.215422,-1.4277639,-1.237819,-0.8597348,-0.5637624,-0.21959054,0.08168612,0.28131652,0.5292586,0.7276108,0.8267861,0.4786777,0.030675607,-0.23371162,0.20609109,0.6933521,1.0801735,1.0058311,0.8782344,0.849315,0.8297818,0.8884267,0.6728116,0.64475566,0.49896514,0.3834693,-0.12477547,-0.78335774,-1.3691592,-1.684667,-1.709561,-1.6122001,-1.3921677,-1.0550895,-0.6119825,-0.022831572,0.4266301,0.79891837,0.9384998,0.9885,0.94874674,0.9075073,0.9145805,0.77068955,0.66544664,0.54920423
2025-11-23 03:22:15+00:00,2025-11-23 00:00:00+00:00,-0.6537427,-1.8100436,-3.1642985,-3.9844348,-3.2152145,-2.5683818,-2.3311884,-2.8856008,-3.9952707,-4.183078,-4.2154765,-3.9844348,-3.8458185,-3.905195,-4.3541102,-3.7385104,-2.506193,-2.5292742,-1.7266133,-1.8162812,-1.014649,-1.1458944,-1.8162812,-1.262943,-0.4374802,-2.6087444,-2.8789864,-1.1280935,-0.3187283,2.0787454,2.8466156,2.9377367,3.2530122,3.3906696,2.9871337,0.65233433,-1.1774955,-3.5941684,-4.413291,-4.5578527,-4.181531,-3.6850145,-3.490362,-3.3943129,-3.5127053,-3.8494391,-3.5913806,-3.5022612,-3.1198833,-5.370146,-5.216163,-5.0951653,-4.9495363,-5.0915713,-5.177702,-5.4067607,-5.651289,-6.1544847,-6.3010097,-6.658535,-6.8536415,-7.1634684,-7.3096013,-7.593206,-7.516752,-7.7351084,-7.800524,-7.6554923,-7.9283295,-7.907756,-7.5159683,-7.0538335,-7.350737,-7.3980546,-7.823936,-7.492692,-7.208788,-7.1141567,-6.8302794,-6.877591,-6.839482,-6.5259366,-6.431499,-6.1206675,-5.5374503,-4.784312,-4.4032574,-2.5390491,-1.8391515,-1.3752195,-0.5178496,0.009573287,0.2994898,0.53849995,0.4885,0.23849997,0.18849993,0.33850002,0.4384999,0.59914726,0.88849986,1.1984605,-1.1702954,-1.9043483,-2.698794,-1.3043602,-0.8090592,-0.41293254,-0.46252233,-0.21457396,-0.3155908,-0.16518255,0.12538,0.7113461,1.2445635,1.6618654,2.2346058,2.50957,2.460564,2.2836795,1.956715,1.4791242,0.8996444,0.3083378,0.012676697,-0.34168875,-0.5877611,-1.0799179,-1.4164263,-1.6628357,-1.4736546,-1.1519226,-0.7592366,-0.62794054,-0.46252233,-0.36871976,-0.016216703,0.46464896,0.8113895,0.9250351,0.9027262,0.68280125,0.45036775,0.15707618,-0.02875532,0.08245796,0.5260477,0.81492716,0.8576223,0.8077371,0.7578522,0.5159659,0.32277635,0.07866631,0.1734712,0.40865594,0.3993756,0.13850002,-0.4115,-0.8991437,-1.2698351,-1.7501801,-1.9585321,-1.9259672,-1.6310424,-1.6801962,-2.1556656,-2.7407868
