forecast_day,time_of_1h,1h,2h,3h,4h,5h,6h,7h,8h,9h,10h,11h,12h,13h,14h,15h,16h,17h,18h,19h,20h,21h,22h,23h,24h,25h,26h,27h,28h,29h,30h,31h,32h,33h,34h,35h,36h,37h,38h,39h,40h,41h,42h,43h,44h,45h,46h,47h,48h,49h,50h,51h,52h,53h,54h,55h,56h,57h,58h,59h,60h,61h,62h,63h,64h,65h,66h,67h,68h,69h,70h,71h,72h,73h,74h,75h,76h,77h,78h,79h,80h,81h,82h,83h,84h,85h,86h,87h,88h,89h,90h,91h,92h,93h,94h,95h,96h,97h,98h,99h,100h,101h,102h,103h,104h,105h,106h,107h,108h,109h,110h,111h,112h,113h,114h,115h,116h,117h,118h,119h,120h,121h,122h,123h,124h,125h,126h,127h,128h,129h,130h,131h,132h,133h,134h,135h,136h,137h,138h,139h,140h,141h,142h,143h,144h,145h,146h,147h,148h,149h,150h,151h,152h,153h,154h,155h,156h,157h,158h,159h,160h,161h,162h,163h,164h,165h,166h,167h,168h
2025-11-05 02:27:12+00:00,2025-11-05 00:00:00+00:00,842.67694,840.80005,839.9527,840.18463,839.717,838.82666,838.826,838.9093,838.799,839.4315,839.1243,839.0148,839.2077,839.3696,840.5524,842.32404,845.3451,846.3225,846.7744,846.59924,846.23883,845.6644,845.32544,844.34564,842.3124,841.2361,841.253,841.06647,840.2523,840.2251,839.67773,839.2389,838.82635,838.276,837.72546,837.0365,836.53784,836.2035,836.258,836.788,839.40454,840.8122,841.509,841.74725,842.02136,841.41284,841.0261,839.7893,837.8166,835.4181,835.3913,835.42944,835.4389,835.663,836.0527,835.8631,835.7539,835.7271,835.7275,835.45325,835.5904,835.8634,836.5235,838.55945,838.7919,838.65875,838.2719,837.7423,837.0196,836.4434,835.83624,835.4109,834.39014,834.0537,834.448,835.1872,835.3543,835.27795,834.67865,834.4608,834.5717,834.32477,833.88434,833.91113,834.40625,834.5425,835.17615,837.5879,837.9186,837.85736,837.8382,837.7045,837.1334,836.89026,836.57056,836.1976,835.8818,836.1259,836.6729,837.82745,838.6332,839.57587,840.1304,840.4089,840.84424,840.9269,841.90125,842.85095,843.5808,844.6716,845.7325,846.86816,847.1701,847.85394,848.2262,847.764,846.9642,846.3553,846.1913,846.1387,846.24786,846.434,846.77734,846.95105,846.9072,846.8106,846.68787,846.59735,846.3997,846.255,845.9073,845.5292,845.4654,846.0277,846.8507,847.40814,847.5594,847.4248,847.0205,846.35333,845.53906,844.8116,844.2118,843.6197,843.18854,843.05286,843.01807,842.9231,842.7215,842.4693,842.16296,841.91034,841.5748,841.23944,840.7606,840.2812,840.2812,841.07153,842.36334,843.26434,843.5214,843.2928,842.91077,842.29486,841.3678,840.40936,839.2842,838.06683
2025-11-06 02:15:06+00:00,2025-11-06 00:00:00+00:00,843.4771,841.83734,840.70667,839.2892,839.17926,839.4975,839.06006,838.04736,838.21515,838.0533,837.3674,836.9268,836.3476,836.3734,836.7305,837.5326,839.5311,840.8046,841.509,842.0867,842.21533,841.08954,840.262,839.3716,837.87463,837.00854,836.5096,835.945,835.73694,835.948,836.3076,835.5678,834.46405,832.35785,832.7387,833.17554,834.642,835.2476,835.0803,836.01855,838.2427,839.71875,840.44257,840.4494,840.05817,839.3922,838.7775,838.06195,836.3059,833.6706,833.98096,834.02496,834.1711,834.4239,834.42664,834.29175,834.102,834.0757,834.02167,834.24243,834.6553,834.9026,835.45294,837.6404,838.0729,837.8988,837.9377,837.58997,837.0245,836.86475,836.7561,836.6013,836.1528,836.31537,836.6688,837.96216,839.0469,839.6314,839.71606,840.1044,841.1524,841.3105,841.1997,841.94885,843.234,844.09546,845.0253,846.37744,847.1729,847.60016,847.5593,847.0997,846.38586,846.35913,846.6064,847.0473,847.21,847.4373,847.8662,847.9312,848.19305,848.2106,847.94745,847.4651,847.2331,847.0006,846.54486,846.47565,846.517,846.3936,846.92194,847.99664,847.74097,847.4434,847.10126,846.38574,845.52344,844.66235,843.9236,843.21564,842.7224,842.526,842.45984,842.36334,842.0237,841.6602,841.2424,840.8784,840.4314,840.12384,839.6479,839.31116,839.26117,839.944,841.0987,841.8335,842.0064,841.74884,841.2831,840.6622,839.8378,838.9301,837.8687,836.7737,836.1722,836.6188,837.69086,838.48956,838.57764,838.33527,838.146,838.2304,838.2865,838.3975,838.31604,838.17865,838.3711,839.03204,839.9674,840.67816,841.1019,841.34296,841.2454,840.7055,839.72797,838.9427,838.2914,837.63324
2025-11-07 02:12:18+00:00,2025-11-07 00:00:00+00:00,837.16547,835.5338,835.9381,835.04443,833.9632,834.39514,834.8249,835.3236,834.82623,834.1174,834.3397,833.43085,832.82434,833.09796,834.41705,836.3764,838.38635,839.4238,839.8268,840.17426,839.7994,839.57166,838.9506,837.9853,836.5243,835.2467,834.6702,833.9139,833.80554,833.67365,833.34656,833.64734,833.2103,833.5137,833.70685,833.789,833.9536,834.4488,834.9163,835.8808,838.86835,840.6199,841.38196,841.4102,840.6469,840.21497,839.88245,839.4577,838.38794,835.8295,836.55707,837.54395,838.21625,838.94116,839.38525,839.719,840.6016,840.6839,841.36847,841.8993,842.3033,843.1326,844.24725,845.7937,846.5161,847.06067,847.04407,846.77203,845.9457,845.75275,845.3115,845.3659,845.8623,846.65125,847.0228,847.039,847.11304,846.9896,846.8395,846.7457,846.2927,845.83923,845.4138,845.09424,845.237,845.1377,845.6365,846.92236,846.8374,846.7041,846.5242,845.74866,844.8264,843.96094,843.27136,842.56165,841.8124,841.75415,841.4947,841.2377,841.2588,840.75696,840.28253,840.0326,839.75397,839.19653,838.7177,838.4634,838.492,838.5457,839.05383,841.08966,840.82196,840.78296,840.8637,840.3491,839.63086,838.8308,837.8499,836.86597,836.27014,836.55707,837.44257,838.05237,838.2228,838.3094,838.3123,838.36914,838.50806,838.5364,838.37085,838.17535,838.3388,839.22235,840.5464,841.4539,841.8002,841.7456,841.48816,840.97894,840.33185,839.7653,839.2466,838.6938,838.42786,838.696,839.2327,839.62604,839.79565,839.8806,839.855,839.69165,839.39,839.1146,838.8108,838.45,838.64197,839.71924,841.2625,842.4677,842.8637,842.86176,842.6606,842.15344,841.3443,840.6423,840.03595,839.53314
2025-11-08 02:04:40+00:00,2025-11-08 00:00:00+00:00,836.64404,834.2349,833.86176,833.979,834.1981,834.28326,833.30945,832.68274,832.4674,833.1828,832.7706,832.4105,832.6284,833.2816,834.6859,836.5415,838.8562,840.107,840.5347,840.75073,840.4807,840.1059,839.7677,839.17706,838.10895,837.6386,838.34064,838.054,838.825,838.5513,838.49493,839.0157,839.39496,839.9359,840.5299,840.70667,841.41296,841.22284,842.0456,844.5855,845.45715,846.565,847.31104,847.74927,847.63354,847.54645,847.5195,847.1109,845.8782,845.7251,845.91187,845.9597,846.3649,846.27594,845.9364,845.8739,845.75385,845.1924,844.79443,844.4781,844.37823,844.30115,845.05597,846.3523,846.3043,846.0512,845.9453,845.21515,844.2827,843.69086,843.08405,842.71075,842.0824,841.9785,841.94806,841.50085,841.3596,840.97,840.6064,840.3264,840.02264,839.3869,838.88763,838.6919,838.4961,838.5218,839.33044,841.34503,841.28217,840.9275,840.5865,839.23596,838.34314,837.3625,836.9418,836.9472,836.3228,836.8524,837.9506,837.9427,838.05865,838.2821,838.175,838.2576,838.3971,838.5914,838.4264,838.39795,838.5333,838.80493,839.4078,841.6193,841.9069,841.83124,841.6945,841.2454,840.7106,840.19696,839.75,839.40607,839.1378,839.1368,839.2936,839.33075,839.279,839.2248,839.1697,839.27985,839.38995,839.5001,839.2517,838.91815,838.97205,839.9666,841.5382,842.5805,842.8696,842.81476,842.53265,842.00134,841.33386,840.6589,840.10333,839.5113,839.16095,839.10516,839.12476,839.24506,839.4398,839.57684,839.6325,839.3871,839.0314,838.7016,838.3434,838.01117,838.0659,838.9764,840.2432,841.1734,841.4331,841.376,840.9825,840.30994,839.4179,838.51874,837.63214,836.7945
2025-11-09 02:09:49+00:00,2025-11-09 00:00:00+00:00,838.38086,837.40094,837.89386,837.68524,837.8045,838.49506,838.0282,838.71564,839.10095,839.2324,839.93945,840.1721,840.79193,841.0161,841.69556,844.23175,845.45715,846.5384,847.39343,846.67285,846.9398,847.56854,847.87286,847.2724,846.0706,845.2909,844.8001,844.3403,844.07275,844.1848,844.13306,844.04926,843.8919,843.8743,843.7735,843.67865,843.33716,843.093,843.1085,845.4053,847.12555,848.2232,848.3482,848.3296,848.1098,847.8313,847.63763,846.6477,845.18567,842.6371,842.6854,842.45807,842.1184,841.7225,841.27673,841.0041,840.38727,839.8332,839.2505,838.8892,838.8286,838.87476,839.62994,842.0297,841.9777,841.6853,841.15985,840.37946,839.4275,838.95074,838.58704,838.06305,836.46765,837.6022,838.2432,838.43915,838.63763,838.423,838.23175,838.23175,838.2605,838.096,838.3156,838.2045,838.2302,838.39246,839.1603,841.56323,841.96075,841.90857,841.4617,840.76514,839.9631,839.34546,838.9095,838.79407,837.3492,837.6706,838.1955,838.63635,839.0784,839.1917,838.6729,838.7824,839.08435,838.92084,838.4813,838.20575,838.0937,838.146,838.7245,840.8709,841.25635,841.197,840.778,840.056,839.0131,837.9905,837.0295,836.16486,835.6466,835.7467,836.0894,836.26434,835.94196,835.3685,834.76495,834.2145,833.66315,833.1935,832.6391,832.13934,832.0287,832.6135,833.6094,834.3209,834.51917,834.41644,834.0083,833.2939,832.29767,831.426,830.7347,830.0538,829.64246,829.5005,829.62787,829.5834,829.36804,829.06793,828.7394,828.4369,828.1328,827.85376,827.40405,826.92175,826.9935,828.0145,829.62146,830.89825,831.65076,832.2332,832.5068,832.4994,832.1841,831.9584,831.803,831.73395
2025-11-10 02:15:19+00:00,2025-11-10 00:00:00+00:00,846.0146,844.384,843.78485,843.8488,843.99426,842.8149,842.4441,842.19836,842.1432,842.26105,842.50165,842.35455,841.8494,842.11896,842.61145,844.5782,846.56464,847.63165,847.9166,848.053,848.2375,847.9271,847.78845,846.4699,844.8036,843.1647,842.9274,842.36584,841.78033,841.52045,840.9338,840.5223,839.8079,839.69244,839.6635,839.23224,839.58826,839.67737,839.56323,840.2779,843.0948,844.2407,844.8261,844.8469,844.4758,843.9236,843.4409,842.79694,840.372,837.6928,838.71094,838.9387,838.83466,838.86444,838.89294,838.7566,838.4535,838.3974,838.3969,838.14496,838.2529,838.71716,839.46246,841.6201,842.38104,842.22363,841.9732,841.3893,840.559,839.9062,839.43365,838.91266,837.5706,838.0015,838.856,839.29816,838.9737,838.94775,838.5914,838.5364,838.3436,838.12195,838.23303,837.5684,837.31384,837.58594,838.08234,840.4624,840.91156,840.75116,840.22473,839.2842,838.2128,837.5286,837.0711,836.74445,834.94806,836.2677,835.63275,835.4482,834.98395,834.26953,833.7469,833.2233,832.6997,832.1474,831.7042,831.2897,830.87494,830.87366,831.7064,832.58813,833.2565,832.8416,832.02277,830.9754,829.5644,828.4564,827.8366,827.49036,827.36633,827.4619,827.74603,827.9147,827.88416,827.7911,827.7775,827.98627,828.30646,828.59735,828.5752,828.4916,828.74744,829.6022,830.8002,831.89905,832.89716,833.754,834.1545,833.9668,833.3063,832.8099,832.64606,832.59045,832.75055,833.1792,833.70935,834.21045,834.47125,834.5459,834.61993,834.6112,834.43805,834.28845,833.9347,833.63135,833.70746,834.5622,835.76184,836.5996,836.6867,836.48926,836.0031,835.424,834.5608,833.7826,832.9912,832.28564
2025-11-11 02:07:55+00:00,2025-11-11 00:00:00+00:00,843.99994,841.63196,841.4801,841.2199,840.3603,840.0762,840.05707,839.89594,839.4304,838.76855,838.99677,839.23737,838.5735,838.3157,839.0568,840.0639,842.5712,843.73926,844.2561,844.4844,844.3339,843.7575,843.486,842.4738,840.29926,839.5701,838.6013,838.3566,838.248,838.60626,838.79926,838.93695,837.99915,837.85944,838.90936,838.6884,838.77075,838.93585,839.2355,839.7595,842.36725,843.5779,843.69257,843.7853,843.7889,843.7812,843.42285,842.6169,840.12604,837.82745,838.6533,838.77014,839.3172,838.67035,838.86285,838.5355,838.59064,838.8917,837.8753,837.4042,837.2073,837.8405,838.2782,840.873,841.70416,841.46765,841.0876,840.3187,839.2316,838.3275,838.27936,838.1792,836.8255,837.27704,837.8058,837.8132,837.5426,837.4342,836.63684,836.2237,836.0025,835.8917,835.5333,835.20166,834.8677,835.11505,835.86255,837.75977,837.931,837.8446,837.48895,836.8422,835.8411,834.87555,834.40704,833.92163,833.5497,833.56696,833.63806,833.28827,833.1878,832.808,832.28815,831.9584,831.51776,831.6003,831.3797,831.3514,831.5164,831.4073,831.79224,831.51715,832.3129,832.40515,832.4582,831.47046,830.0578,829.13873,829.12195,829.50934,829.88837,830.2938,830.672,830.915,830.6656,830.28217,829.8705,829.6234,829.43054,829.2638,828.9556,828.5904,828.5025,828.996,829.7679,830.57336,831.41327,832.1979,832.58966,832.2334,831.4069,830.88293,830.82886,830.9952,831.1598,831.3477,831.612,831.7642,831.83905,831.9443,831.91296,831.853,831.68207,831.6215,831.5037,831.35645,831.35266,831.7674,832.3259,832.837,833.0532,833.2401,833.0574,832.4528,831.70355,831.0641,830.79047,830.7697
2025-11-12 02:09:55+00:00,2025-11-12 00:00:00+00:00,840.31067,838.2541,837.0315,837.1987,837.2275,837.8625,837.31165,837.505,836.98206,837.7529,838.3863,838.2755,838.107,838.1296,838.7883,839.7028,842.55475,843.8917,844.4844,844.1775,844.0275,844.12177,844.0965,843.0585,840.816,839.8452,839.9189,839.7052,839.0746,839.18475,838.99194,838.4958,838.4685,838.7439,838.96423,838.46765,838.3546,838.93225,839.675,840.56,843.2675,844.6678,844.9945,844.9868,844.4538,844.3968,843.801,842.89514,841.1967,838.4209,838.6802,838.8244,838.7191,838.5312,838.06696,837.7102,837.6004,837.43524,836.91113,836.744,836.9929,837.18506,837.681,839.6856,840.0722,839.90375,839.53314,838.71716,838.07965,837.76654,837.2295,836.90796,836.2357,836.4455,836.4943,836.2861,836.29297,836.1061,835.83405,835.50665,835.3426,835.178,834.5717,834.5165,834.37744,834.5686,835.0082,837.2637,837.5999,837.3598,836.9716,836.13513,835.25006,834.7304,834.72485,834.7208,834.46545,834.58746,834.8525,834.72455,834.6486,834.5144,834.04877,834.64624,833.60736,832.921,832.9738,833.1376,832.69995,832.5904,833.3334,834.3754,834.32306,835.3177,835.22296,834.72076,833.83923,833.10236,832.732,832.4994,832.36957,832.42584,832.61523,832.8294,832.9338,833.1491,833.19916,833.1098,832.9914,832.92883,832.837,832.8839,833.0732,833.6562,834.41003,835.08594,835.5742,835.9188,835.9482,835.3926,834.53064,833.9192,833.7558,833.7624,834.0166,834.51654,835.2051,835.7514,835.9385,835.90393,835.95233,836.0278,836.15906,836.23596,836.2299,836.16974,836.4452,837.2494,838.33405,839.1183,839.4636,839.5548,839.3604,838.77167,837.92883,837.2559,836.874,836.584
2025-11-13 02:27:15+00:00,2025-11-13 00:00:00+00:00,841.3551,839.07324,838.70526,838.16534,838.276,838.63403,838.00073,838.0008,838.24866,838.3581,838.0801,838.24725,838.46796,839.1844,839.65063,840.3956,842.6646,843.90076,844.5307,844.7946,844.381,844.0015,843.8958,843.3454,841.6343,841.02454,840.688,840.1451,839.651,840.14594,839.6521,839.29456,839.047,839.01953,839.0746,838.6064,838.4399,838.66003,838.87756,839.9005,842.2277,843.6848,843.7574,843.3419,843.01276,842.88007,842.4384,841.6882,840.16284,836.7737,836.8474,836.7495,836.7861,836.40735,836.16376,835.86365,835.58997,835.5082,835.26056,835.1504,835.0946,835.1756,835.45,837.70325,838.2527,838.35486,837.8687,837.123,836.16754,835.6238,835.771,835.2548,834.89465,835.2414,834.939,834.8943,834.84393,834.9287,834.70953,834.5723,834.37976,834.07697,833.93915,833.5517,833.3297,833.268,834.95764,835.2321,836.05585,835.59656,834.9506,833.84,832.8297,832.26904,831.6921,831.67615,831.3421,831.51483,832.1784,832.78394,832.6713,833.1371,833.18555,832.98804,832.4036,832.0345,832.00366,832.49756,832.5965,832.8336,833.2951,834.6862,835.2833,835.6185,835.5851,835.26624,834.6913,834.1818,833.83624,833.64,833.51843,833.6358,833.91113,834.1813,834.4249,834.61646,834.64136,834.3327,833.85583,833.4058,832.9256,832.5011,832.5262,833.30853,834.5663,835.63043,836.44226,837.1302,837.36694,836.8939,835.9874,835.248,834.977,834.87134,834.90173,835.0679,835.28503,835.5833,835.884,836.1046,836.3812,836.5484,836.6061,836.6893,836.5496,836.43445,836.43005,836.75793,837.25256,837.6123,837.86584,838.0365,838.01166,837.59937,836.8837,836.30493,836.0266,835.8001
2025-11-14 02:10:37+00:00,2025-11-14 00:00:00+00:00,842.0371,840.0038,839.6123,839.4,838.74335,838.55096,837.80804,837.7529,837.8905,837.75305,838.3854,838.30334,837.5849,838.24725,838.99023,839.267,841.33575,843.0182,843.2519,843.07745,842.4939,841.92596,841.32404,840.7911,839.3756,838.4936,837.82654,837.0614,836.677,836.9811,836.65137,836.32153,835.68835,835.1375,834.94446,835.19257,835.4674,836.1009,836.4863,837.2839,839.934,841.3511,841.4866,841.783,841.1713,840.429,839.95416,838.944,837.56995,834.8064,835.28864,835.3291,835.09106,835.038,834.98395,835.0403,835.04047,834.6272,834.2961,834.2136,834.12994,834.04425,834.54095,835.8917,836.4139,836.33276,835.5805,834.5259,833.43616,832.71796,832.32245,832.0243,831.8165,832.4246,832.8627,832.9143,832.8196,833.05804,833.2463,833.1276,832.4858,832.56506,832.3653,832.3904,832.2934,832.56067,833.3621,834.67944,835.3079,835.53546,835.1761,834.36835,833.6916,833.2387,832.76575,832.8247,832.5805,832.81116,832.9482,832.5864,832.5554,832.50085,832.2495,832.2464,831.96564,831.7946,831.7077,831.5637,831.331,831.62506,832.02924,833.0041,834.2124,834.9009,834.5365,833.948,832.8953,832.09686,831.74725,831.6209,831.7093,832.0408,832.4787,832.80396,832.88104,832.7932,832.70496,832.5334,832.36115,832.13434,831.96045,831.70374,831.7252,832.0793,832.6013,833.07684,833.50793,833.96857,834.0923,833.74207,833.1953,832.70087,832.45276,832.36694,832.3612,832.5461,832.9194,833.12463,833.1878,833.16473,833.0563,832.8381,832.5645,832.4296,832.32227,832.3842,832.6527,833.2699,834.0932,834.70984,835.0085,834.9758,834.7618,834.03937,833.14044,832.37115,832.06836,832.01135
2025-11-17 02:16:53+00:00,2025-11-17 00:00:00+00:00,835.68756,835.4533,834.68933,834.5571,834.9728,833.9794,834.3084,833.58777,833.1604,833.29236,832.89886,832.1691,831.99786,832.15564,832.3375,834.3739,836.2113,837.70917,838.21094,838.26996,837.6564,837.1025,836.8677,836.17236,835.3223,834.6973,834.6365,834.41223,833.6868,834.1488,834.4216,834.3036,833.8582,833.49774,833.4093,833.07715,832.53455,832.60095,832.91675,834.3332,837.1715,839.0429,839.50226,839.6571,839.4357,839.7378,839.7978,839.38776,838.49384,836.19653,837.6001,838.2611,838.37134,838.3158,838.3969,838.4491,838.5325,838.36066,837.7508,837.6347,837.4331,837.17303,838.34174,838.7928,839.2214,839.609,839.5178,838.28076,837.41565,837.05164,836.8688,836.1405,835.90894,836.4904,836.5595,837.4267,836.9853,836.4547,835.00885,834.5688,833.999,833.7237,833.0604,832.65356,832.4035,832.6186,832.60846,832.9542,833.36993,833.3226,832.7734,832.4762,832.0379,831.9562,831.8451,831.89453,832.4036,833.5135,833.63763,834.26056,834.6895,834.9817,835.2443,835.45294,835.7479,836.1197,836.05634,836.2682,836.5562,837.2366,837.72314,839.112,839.28217,839.4246,839.4501,839.1337,838.59,838.12335,837.79224,837.48486,837.4491,837.88196,838.4241,838.91064,839.03827,838.9715,838.87866,838.8136,838.641,838.579,838.4636,838.48804,838.657,839.3276,840.1703,840.7961,840.87524,840.72894,840.40765,839.91284,839.3571,838.83026,838.3114,837.76526,837.5719,837.8168,838.33655,838.7186,838.8244,838.8208,838.7345,838.62164,838.37244,838.20526,837.9532,837.7008,837.6725,838.2003,838.89734,839.37537,839.3308,839.0871,838.6421,838.0254,837.2956,836.62823,835.97766,835.4418
2025-11-19 03:50:41+00:00,2025-11-19 00:00:00+00:00,838.7693,838.71643,838.07733,837.5451,837.51117,837.3483,838.5847,838.6913,838.93134,838.5627,838.8574,839.12976,839.76624,839.32916,838.9543,838.9666,840.2917,840.8184,841.55084,840.9194,840.341,838.93146,838.90936,838.1369,837.02954,837.8821,836.8717,837.8909,837.533,837.30426,836.97485,836.3491,835.6877,835.1064,834.8875,834.1697,834.11334,833.92017,833.8635,834.4167,834.6145,834.7034,835.4601,834.211,833.5781,833.08624,833.6868,832.8285,832.055,832.4816,832.5542,833.258,833.6058,833.84204,833.7979,833.8138,834.16254,834.7573,834.8345,834.9356,835.1953,835.45996,835.894,837.5213,837.72296,838.0248,837.7956,837.2313,836.4949,836.0573,836.0303,836.1121,836.0194,836.78064,836.9055,837.0024,837.10046,836.8964,836.88904,836.86017,836.6589,836.79047,836.7039,836.9015,836.6505,836.5349,836.74805,837.7588,838.20953,838.16907,837.65326,837.0222,836.2763,835.72205,835.60876,835.2816,834.68274,834.62573,834.7082,835.33984,835.41425,835.5707,834.5993,834.7381,834.89044,834.99225,834.45,834.414,834.37744,835.10803,835.9165,835.8198,835.6376,835.8213,836.4267,836.29877,836.05676,835.948,836.00195,836.21747,836.45654,836.77405,837.031,837.2616,837.3615,837.3003,837.26733,837.23035,837.27466,837.2945,837.2365,837.2654,837.46356,838.1881,839.163,839.89844,840.3677,840.6683,840.7081,840.32605,839.7478,839.2517,839.0596,839.03064,839.1627,839.5384,839.9921,840.41876,840.57745,840.71375,840.7389,840.7606,840.7823,840.664,840.3476,839.94794,839.8324,840.33905,841.1577,841.7303,841.8357,841.71747,841.3969,840.7943,839.91205,839.1942,838.72766,838.3988
2025-11-20 03:49:20+00:00,2025-11-20 00:00:00+00:00,838.9266,837.6154,837.42236,839.43054,838.6346,838.38293,837.2109,835.6721,835.232,834.5706,834.1784,834.86523,834.412,834.0968,833.9933,834.0138,835.7504,836.4699,836.156,834.7512,834.8311,834.75336,834.7461,833.95374,832.65436,832.5212,832.33215,832.91205,833.0493,833.0083,832.67914,832.97754,832.7611,832.3448,832.3088,831.92175,831.9152,832.2431,832.3021,833.54175,834.9598,835.9569,836.3335,836.3728,836.13025,836.1886,836.243,836.0433,835.13086,836.2652,837.3369,837.1904,837.353,837.15265,837.0024,836.8567,836.54254,836.5388,836.45654,836.45654,836.5925,836.56,836.9632,837.80316,837.7211,837.6229,836.85675,835.7549,835.19794,835.0521,835.10254,835.0538,835.42523,834.97534,835.36884,835.68317,835.9785,835.4977,835.0885,834.97534,834.467,835.14,834.58075,834.36224,834.6659,835.07745,835.8405,836.43195,836.5832,836.70386,836.60187,836.38745,836.11395,835.67236,835.67126,835.4172,835.7334,836.37787,836.69543,836.7141,836.7071,836.9787,836.8276,836.9015,836.7573,836.6371,836.3811,836.45337,836.5013,836.6551,837.0657,838.18024,838.2659,838.4005,838.3354,837.9574,837.4072,836.82733,836.3609,836.0582,835.80597,835.8825,836.0669,836.16907,836.1925,836.19006,836.0767,835.8213,835.5368,835.2511,834.8002,834.37744,834.31995,834.84985,835.6913,836.287,836.47284,836.5449,836.2501,835.6181,834.7334,834.04156,833.549,833.2234,833.0862,833.2202,833.51526,833.8925,834.19385,834.58185,834.8852,835.046,835.1759,835.22235,835.046,834.8148,834.89,835.6339,836.825,837.66394,838.06854,838.16785,838.0659,837.6004,836.93915,836.38806,836.086,835.97595
2025-11-21 03:48:48+00:00,2025-11-21 00:00:00+00:00,834.64044,834.4504,834.68005,834.135,833.4233,833.33026,834.13965,833.77625,833.1139,832.3928,832.3806,832.6596,832.7349,833.3087,833.72534,835.2357,837.17206,837.4292,837.25757,837.4346,837.6627,838.4649,838.66003,838.35547,837.25977,836.3683,836.59216,836.34344,835.8497,835.7804,835.7676,836.20184,836.2672,835.87384,835.4278,835.4278,835.6739,835.4903,835.7199,837.59515,839.5253,840.7624,840.77563,840.50574,840.1759,840.1464,840.1696,839.28796,837.20154,835.699,835.6159,835.2822,834.8967,835.14185,835.10626,835.4076,834.95465,834.5352,834.5663,834.30536,834.2389,834.76105,835.36224,835.9322,836.8045,837.34424,837.131,836.4717,836.1689,836.2232,836.1408,835.9757,835.97003,836.43005,836.5832,836.54254,836.34076,836.1129,835.90924,835.93054,835.95544,836.19824,835.89026,835.57733,835.7375,836.23065,836.72375,837.7084,838.71716,839.4176,838.72375,837.88135,837.28284,836.8864,836.4189,836.1849,835.1222,835.6455,836.08386,835.9385,835.7129,835.7073,835.56415,835.503,834.9728,834.79913,834.3531,833.90295,833.6452,833.66223,833.9005,835.5262,835.90753,836.13715,835.7011,834.8449,833.62555,832.7668,832.4696,832.5601,832.81116,833.251,833.8534,834.42633,834.75,835.0722,835.503,836.23596,837.21454,838.1057,838.8458,839.5167,840.27386,841.28577,842.4432,843.2934,843.73816,843.8704,843.8028,843.5069,843.01215,842.6107,842.41077,842.30554,842.2261,842.2017,842.17456,842.1512,842.162,842.1491,842.0012,841.63684,841.13763,840.6911,840.1552,839.61896,839.53705,840.19214,841.16425,842.0338,842.4438,842.6577,842.5799,842.2422,841.7288,841.26215,840.84686,840.42255
2025-11-22 03:44:53+00:00,2025-11-22 00:00:00+00:00,838.09406,836.3845,836.5181,837.16364,836.57495,836.75433,836.24664,836.45886,836.31305,836.4136,836.6777,836.29016,835.9853,836.2608,836.6416,838.006,841.13257,841.76215,841.9924,842.2405,842.23737,841.54376,840.96027,840.3539,838.71655,838.0801,837.40985,837.3849,836.6439,836.94446,836.60455,836.18524,835.80646,836.75354,836.7278,836.29913,836.2426,836.6415,836.69635,837.93164,839.21594,840.65875,841.1079,840.9992,840.9195,840.72675,840.4239,839.5141,837.92926,836.06506,836.1101,836.37787,836.47986,836.2775,836.1812,836.0875,835.997,835.8284,835.5197,835.482,835.6173,836.1682,836.7146,837.7766,839.1014,839.4175,838.6991,837.80914,836.88605,836.4838,836.23804,836.2483,835.8911,836.334,836.4391,836.0669,836.16907,836.1359,835.9634,835.8754,835.73303,835.59064,835.2262,835.0831,835.1903,835.1173,835.60645,837.42267,838.14496,838.67395,838.99426,838.15466,837.1074,836.09546,836.23376,836.23895,835.3689,835.9989,836.34766,837.116,837.1927,837.6891,837.45374,837.752,838.21484,838.3733,838.63873,837.73627,837.6126,838.46924,838.303,840.33905,841.2329,841.617,841.47,841.12164,840.4914,840.051,839.83044,839.6888,839.79083,840.36096,841.2612,841.9955,842.3985,842.71844,842.8438,842.8283,842.78186,842.51654,842.00287,841.3531,841.1011,841.6636,842.59375,843.36664,843.70654,843.90607,843.7596,843.1066,842.17163,841.3164,840.7115,840.13293,839.74347,839.62866,839.7052,839.67145,839.3918,839.08563,838.6688,838.3057,837.9707,837.49634,836.8536,836.099,835.7087,836.0452,836.74585,837.2324,837.33496,837.2946,836.96643,836.205,835.14294,834.0917,833.20325,832.33575
2025-11-23 04:33:36+00:00,2025-11-23 00:00:00+00:00,839.047,838.2721,837.5244,837.3258,836.7676,836.5259,836.14026,835.535,834.709,834.4475,835.1782,835.9473,835.653,836.296,835.94617,837.47003,839.69836,840.84485,840.344,839.6886,840.39197,839.95233,839.4215,838.3657,837.07166,836.3703,836.26587,836.21277,835.77783,835.8839,835.399,835.1527,834.35065,834.73126,833.5812,833.2426,833.0892,833.0466,833.3974,834.36237,837.0999,838.3713,838.9624,839.5973,840.03,840.1628,839.89185,839.0974,837.5294,836.4939,836.73785,837.0117,837.06165,836.6398,836.71747,836.68427,836.53973,836.6163,836.3629,836.2991,836.0951,836.2805,836.9632,838.24615,838.8259,839.111,838.53644,838.28485,838.07965,837.9506,838.7233,838.3939,838.1771,838.83887,839.38556,840.0647,840.4133,840.56885,840.9728,841.2362,841.58746,841.5979,841.886,841.73267,842.2167,842.62775,843.0526,844.4535,844.6478,845.19183,844.88,843.9539,843.27185,842.97034,842.8599,842.58484,842.27405,842.8124,842.8532,842.9243,842.8578,842.2926,842.0917,841.8367,841.36365,841.026,840.717,840.0501,840.01624,840.3403,840.4757,842.1317,843.02277,842.81964,842.55457,841.8135,840.8752,839.9369,839.2784,838.8118,838.45166,838.3944,838.6411,838.61066,838.2191,837.68713,837.2375,836.8747,836.5966,836.31824,835.9829,835.7014,835.7014,836.1475,836.9285,837.60474,838.06244,838.48126,838.41797,837.7428,836.62555,835.7118,835.1477,834.7818,834.5704,834.6274,834.90295,835.09515,835.0111,834.89856,834.62024,834.2571,833.7278,833.3075,832.88855,832.49756,832.4408,832.8834,833.5215,834.02716,834.04065,833.88385,833.44214,832.7701,831.8684,831.0297,830.3813,829.687
