forecast_day,time_of_1h,1h,2h,3h,4h,5h,6h,7h,8h,9h,10h,11h,12h,13h,14h,15h,16h,17h,18h,19h,20h,21h,22h,23h,24h,25h,26h,27h,28h,29h,30h,31h,32h,33h,34h,35h,36h,37h,38h,39h,40h,41h,42h,43h,44h,45h,46h,47h,48h,49h,50h,51h,52h,53h,54h,55h,56h,57h,58h,59h,60h,61h,62h,63h,64h,65h,66h,67h,68h,69h,70h,71h,72h,73h,74h,75h,76h,77h,78h,79h,80h,81h,82h,83h,84h,85h,86h,87h,88h,89h,90h,91h,92h,93h,94h,95h,96h,97h,98h,99h,100h,101h,102h,103h,104h,105h,106h,107h,108h,109h,110h,111h,112h,113h,114h,115h,116h,117h,118h,119h,120h,121h,122h,123h,124h,125h,126h,127h,128h,129h,130h,131h,132h,133h,134h,135h,136h,137h,138h,139h,140h,141h,142h,143h,144h,145h,146h,147h,148h,149h,150h,151h,152h,153h,154h,155h,156h,157h,158h,159h,160h,161h,162h,163h,164h,165h,166h,167h,168h
2025-11-05 01:20:10+00:00,2025-11-05 00:00:00+00:00,248.19853,246.94867,238.46526,243.86905,232.206,237.09476,243.01984,253.20154,249.71735,253.68607,233.74606,212.3196,203.9625,193.82867,198.20857,201.18143,199.25938,195.06854,195.06854,193.24052,191.68935,198.43504,202.34816,204.71078,207.1496,214.88612,222.18437,231.49074,240.84317,259.2421,302.43973,299.01025,298.0724,302.00534,300.71277,298.76755,291.89825,296.79602,304.5626,303.38855,304.9921,304.72906,304.9921,316.93057,318.44748,317.4896,315.0001,310.60123,305.83774,301.60745,289.9832,259.69522,237.52882,220.23628,209.35765,214.50858,219.80553,220.60121,212.19571,205.1148,204.56715,200.69553,200.13638,196.7713,197.10281,195.85199,196.31393,197.31174,198.88618,200.47237,200.29765,199.60417,198.20857,200.85454,204.22774,202.05112,204.49857,207.49905,206.24129,205.88698,207.93706,209.74478,210.1413,215.4458,232.81522,233.74606,234.6598,241.1893,258.3664,267.03912,271.273,278.13,293.80594,304.69522,315.0001,337.75092,354.80566,126.86999,164.05453,171.46931,173.15732,167.90526,177.70944,217.40543,230.90614,211.42952,196.26028,184.23631,180.0,180.0,180.0,174.80566,197.2659,215.62799,233.13002,238.89125,242.56035,253.30067,277.1249,296.56497,305.46344,307.11694,306.3573,304.9921,304.26114,302.52487,301.32864,300.10123,297.85956,296.56497,295.5599,294.5074,293.80594,293.58704,292.83368,293.0255,293.4481,293.27896,293.83875,294.28583,295.64096,295.88696,295.01685,293.86017,290.28265,285.59286,278.13,274.08554,273.90042,274.8644,275.82623,274.76355,272.54474,271.3019,270.0,268.75467,270.0,273.3018,277.00116,278.39285,278.00464,277.01642,275.2738,273.63287,270.971,266.82022,259.3804,249.44386
2025-11-06 01:04:53+00:00,2025-11-06 00:00:00+00:00,208.49554,215.3113,218.65984,224.61551,238.24055,254.47583,308.65982,300.56396,299.91913,304.63373,307.07315,300.71277,298.00906,304.5626,302.7352,308.22046,307.53488,304.62424,307.60046,308.57126,305.46344,303.05582,302.90524,312.5104,324.2932,335.69547,335.55606,330.25522,315.0001,315.0001,282.5288,224.9999,194.03627,189.78233,206.56499,202.38017,198.00426,203.19861,197.70052,180.68204,178.22858,177.89839,180.52084,194.8455,199.29015,199.74693,199.35909,198.88618,197.35411,199.69872,202.27594,205.95871,207.49905,211.50421,215.21768,220.97165,226.00499,228.50363,236.7251,255.14134,257.61926,243.43501,249.77505,252.80138,264.14407,264.2895,265.60138,264.55975,253.61038,227.72638,227.72638,254.47583,270.0,265.23645,274.39862,171.86998,161.56496,162.3498,175.76369,173.8846,165.4655,158.19853,155.85446,145.84026,157.96371,169.3804,187.98924,202.9638,200.22495,196.78273,205.79597,207.84749,204.5377,214.43904,208.1785,206.56499,199.23076,244.65387,326.7934,315.0001,320.1945,320.38934,312.56332,316.88815,311.18582,303.4654,312.27362,293.1986,295.30136,295.76926,297.75842,294.22772,290.85452,284.25006,270.0,260.98074,252.89719,252.07199,263.74606,279.3446,286.95538,281.85297,270.0,263.06573,271.63654,287.90454,298.0244,293.6294,283.24054,274.08554,267.5105,261.38443,258.6901,260.9422,266.23602,270.0,271.4144,272.14755,272.20255,270.7742,268.33975,264.55975,260.36252,252.80138,244.09354,238.81508,235.43741,233.49846,230.07967,226.27295,223.11183,220.78572,219.40063,219.1304,220.36446,223.50572,226.46873,229.84407,234.22383,237.26477,240.2552,242.44728,244.7989,246.27959,247.8905,246.91484,242.6502,236.3099
2025-11-07 01:02:36+00:00,2025-11-07 00:00:00+00:00,243.43501,241.55717,218.65984,228.57643,219.28938,205.94225,207.18103,212.47118,202.38017,212.82854,205.27768,202.8337,182.3859,173.19104,173.24652,173.44315,174.53099,178.78116,179.4213,179.42708,179.42708,179.39693,180.59064,179.4032,178.75467,184.65326,185.58716,186.3401,190.57347,197.68448,200.13638,206.11385,210.96368,219.14398,225.61598,248.03938,253.0724,283.28488,301.1224,310.1559,303.6901,296.56497,328.39255,46.468742,81.86999,97.12492,96.00892,90.0,85.60138,96.70974,111.801476,117.47435,122.61923,126.15828,124.159744,132.70937,135.0001,126.60716,129.95749,132.76881,137.17476,146.3099,165.69969,169.99208,174.80566,205.2011,205.60214,212.15227,214.11452,212.19571,210.96368,244.98314,296.56497,243.43501,251.56496,131.42357,165.96373,261.38443,319.72806,339.27435,314.49304,317.29062,314.4544,312.10864,296.99576,319.39877,317.38596,318.96475,320.4119,321.2156,315.0001,315.0001,311.42358,315.0001,312.06424,302.57404,305.13428,307.56866,302.98853,301.55133,300.37906,297.3238,296.56497,298.4741,296.56497,297.01257,296.56497,293.6294,286.26028,284.30032,283.60056,283.1906,282.03058,274.8439,274.61057,269.04517,262.99884,255.96373,248.87521,239.03632,229.23648,224.02907,223.31535,222.82524,221.18582,220.0062,219.98683,220.31403,221.89389,223.68819,226.78989,230.7106,234.38142,236.88866,238.79955,239.74365,240.94548,241.22029,241.50446,241.15744,240.43974,239.68887,236.3099,232.63326,231.07245,233.47105,237.01147,241.92761,246.57129,251.86182,257.15228,260.21765,262.27826,266.186,273.9451,284.03625,291.80148,295.34613,296.18805,296.2113,296.23187,295.92484,295.27768,294.8293,294.14554,291.80148,286.8215,277.90707
2025-11-08 00:56:53+00:00,2025-11-08 00:00:00+00:00,181.34785,185.37662,187.12492,183.48926,186.75348,200.4329,203.45905,212.00534,212.54999,201.59537,242.10283,195.6423,273.6913,251.0295,255.76268,266.09958,279.46225,270.0,62.402794,39.03552,49.085716,92.12105,128.15727,123.6901,119.87591,138.5324,147.61934,145.09743,141.18861,143.69542,138.07755,137.43669,135.62952,131.03525,130.68388,133.39404,131.42357,124.135994,127.042564,122.64463,151.5259,141.21562,159.90468,228.91835,231.84273,230.44037,230.7928,215.53777,199.65392,208.7397,213.6901,260.21765,323.29706,322.792,310.17917,298.76755,318.01288,311.0994,313.85434,315.60303,314.37048,308.65982,306.68982,303.6901,297.97937,290.74615,284.6209,282.875,283.10922,291.47684,284.57425,282.20044,281.5601,293.4287,290.85452,280.954,268.18173,263.6599,265.07297,265.9859,268.29022,262.7758,277.0283,279.7275,274.6986,277.30566,278.42688,275.50537,274.08554,273.9908,276.95285,277.28885,278.53067,277.80008,270.924,268.9191,267.6141,266.26868,260.75397,255.61856,243.43501,238.84076,232.92683,227.23119,227.02136,220.78572,221.93343,221.98714,225.47345,227.44708,232.1842,236.3099,237.72438,240.88394,242.30061,244.02565,245.02612,245.8068,243.43501,239.5743,239.03632,244.69865,256.2392,267.45526,266.186,259.3804,257.00537,262.1468,270.0,274.89902,276.42865,277.2242,278.017,280.71307,283.86105,285.852,285.76724,285.69006,285.0916,285.31287,285.44638,285.83246,285.94547,287.6502,287.96924,287.96924,288.85324,288.43503,288.8,288.77814,289.44012,291.41302,293.33405,294.2744,293.33405,292.78244,293.33405,297.4075,301.39023,304.1145,304.31516,303.2749,302.4123,301.23917,299.63828,298.68604,299.0545,299.0545
2025-11-09 01:02:47+00:00,2025-11-09 00:00:00+00:00,150.64235,155.77226,138.57643,151.1893,158.74942,152.35411,137.86247,145.56096,132.5104,123.6901,126.384445,121.10875,136.10162,139.05365,142.27495,136.2188,135.0001,140.19447,167.00539,188.13002,181.19347,189.68872,190.43742,182.79265,169.28693,171.08516,181.30193,186.00891,314.52655,305.80344,301.15924,345.9637,284.03625,334.98312,315.78473,312.18436,309.47244,319.0857,313.4519,302.00534,287.74475,275.7105,261.75375,282.03058,286.44046,290.3232,293.0255,287.3541,274.63538,305.53775,329.74365,326.853,320.57224,315.65845,318.14505,318.28934,318.6523,312.27362,305.4458,295.5599,290.11267,285.6682,280.58157,280.954,280.46912,279.56662,279.78235,280.53912,281.1738,278.45493,271.68463,272.45398,271.94144,262.7469,273.3018,264.4279,257.61926,249.14546,238.62704,235.75092,232.73352,231.66663,229.70793,229.12769,229.66693,230.19447,234.372,234.13008,234.07141,248.57463,243.7414,254.24875,254.87593,252.96214,244.65387,240.8658,270.8425,293.45905,287.47485,280.56094,273.63287,274.57382,271.21884,262.40546,253.41258,258.2749,276.91113,288.16605,290.05618,284.69736,287.87878,292.751,291.80145,295.88696,295.24048,294.44394,292.9638,290.07162,283.7363,271.5074,263.08887,268.26434,277.90707,284.38144,285.0184,282.09473,280.78424,279.92618,281.00348,280.0079,274.89902,271.5074,275.44025,290.17075,303.45334,309.98682,311.68896,312.18436,312.594,313.47928,315.0001,317.43668,322.76508,328.8776,333.43503,334.3232,332.48807,329.98172,327.52884,324.21094,321.66663,320.0637,319.39877,318.62158,317.93573,317.93573,319.39877,323.53067,329.67648,332.62238,331.38962,327.89377,324.92618,323.34378,322.43134,319.53784,315.0001,308.15726
2025-11-10 01:06:10+00:00,2025-11-10 00:00:00+00:00,182.2457,169.79608,167.1523,189.0394,177.70944,308.31314,314.59937,325.37576,326.59216,316.44406,307.87503,297.6129,302.1712,280.78424,285.31287,292.30624,276.84268,274.28906,275.9742,268.13235,267.45526,269.3338,271.46878,279.2298,313.1817,328.7174,320.11737,315.0001,307.67365,298.70584,290.04532,282.14426,275.7678,279.64798,270.53543,271.5622,271.0708,262.5192,263.9624,265.32266,262.37195,259.52582,264.80566,283.87756,280.6196,274.83032,269.1697,274.2678,266.186,274.68582,265.23645,253.30067,250.34608,239.0363,235.43741,231.63248,229.9698,233.44743,236.5237,234.372,236.74562,241.69934,244.09354,244.68715,246.25049,250.48404,254.14801,255.2564,254.74483,254.82703,242.15251,262.6477,303.07068,299.60434,286.46008,278.39285,287.90454,284.85864,275.7105,265.23645,264.14407,271.94144,285.83246,295.15927,300.6772,301.39023,303.05582,304.50858,302.47116,302.90524,302.15228,300.96368,300.4257,300.6772,299.14798,301.89075,304.50858,297.2995,290.92456,284.4208,287.928,295.20108,300.69965,306.25394,304.9921,299.5387,302.7352,297.4075,283.13403,280.954,273.094,273.01273,275.5721,272.72626,271.24533,262.8751,252.25523,244.85524,240.83249,236.68936,232.52374,226.97493,224.9999,224.21526,224.9999,227.72636,235.92276,251.99574,270.0,285.06854,299.62366,313.11182,323.13,328.90274,334.47034,338.9076,344.67844,350.1665,353.82993,356.68228,358.15244,356.76038,348.17853,332.02063,317.4896,320.44037,337.06787,347.90527,350.21765,346.42953,344.57776,342.18103,337.8336,335.22488,335.22488,336.0375,339.6768,347.00537,360.0,10.784258,17.354122,21.801476,44.999897,105.945465,124.992096,135.0001,144.16226,153.43501
2025-11-11 01:00:46+00:00,2025-11-11 00:00:00+00:00,300.1836,302.55,307.56866,300.96368,310.91428,307.171,308.0997,293.7284,293.33405,285.87125,283.18295,279.70032,275.23737,274.4326,271.66025,273.6265,271.273,269.13196,267.31628,264.24554,261.14807,263.4374,261.38443,257.7843,250.46326,253.35487,257.53506,252.43964,243.43501,224.52655,224.10492,228.55183,218.9458,212.60033,215.7702,214.3804,210.61853,215.7702,222.97864,225.99338,235.64056,240.75127,244.11978,256.30994,253.61038,255.96373,254.21918,279.46225,299.74478,292.9638,289.29013,286.6993,281.113,267.79745,248.40463,258.4654,271.1691,272.04535,284.03625,290.05618,296.56497,295.79596,293.3049,299.27515,296.23187,294.32556,290.98495,294.38635,291.03757,289.0257,280.84027,271.54813,270.0,278.32556,275.85593,275.5721,277.9434,278.53067,285.12405,287.44727,284.8265,285.25516,274.89902,266.906,265.60138,268.75467,277.38596,290.3533,300.8276,303.6901,301.75943,305.36255,312.04913,304.5626,312.9546,313.72705,317.2026,335.22488,334.53668,325.954,323.36578,325.37576,323.34378,328.86108,326.853,324.46225,324.34457,321.8427,319.39877,320.57224,329.80847,333.03436,331.31393,328.2011,325.24402,324.11777,323.13,322.02835,321.1466,319.0857,317.38596,317.6026,317.86246,316.5481,306.86996,293.49857,281.76825,272.86234,258.6901,233.97253,220.23628,217.87505,215.3113,211.70139,210.01828,209.0545,209.63829,211.10875,213.6901,217.72505,223.75471,228.73149,230.94687,231.7098,233.58353,238.78166,245.73871,250.64091,253.16245,253.85559,255.78412,258.84537,263.08887,268.09088,271.0416,273.43356,281.07016,299.60434,317.6026,326.0937,326.94415,324.5542,323.97253,330.14108,339.6768,348.2749,351.08514,350.72748
2025-11-12 01:02:17+00:00,2025-11-12 00:00:00+00:00,258.17853,262.35968,259.8458,239.4525,225.86795,226.39711,226.78989,229.89915,245.91255,204.49857,205.82094,211.90012,211.67543,214.1286,218.57655,223.87679,229.39879,232.17165,240.94548,244.65387,248.92242,247.8336,251.09532,280.23474,288.62796,285.3502,285.3009,286.01123,280.25113,277.51205,282.91782,279.7132,279.7275,277.3189,273.85056,278.91486,282.05673,282.2883,287.9126,283.33926,282.99463,280.49142,282.1313,301.86594,300.69965,299.95352,297.95087,293.38525,279.7275,285.52417,287.96924,287.96924,287.52567,287.52567,296.56497,301.7014,304.1145,304.9921,298.0724,293.4287,284.03625,281.3099,289.23077,292.8906,294.62354,294.77512,296.56497,293.1986,293.5747,291.80148,285.06854,281.59213,279.46225,300.96368,308.991,306.02747,309.28937,326.3099,327.09476,333.43503,332.87878,333.43503,334.02567,329.03632,328.78165,328.13406,332.4028,332.3541,331.78275,326.65927,320.90613,304.50858,285.94547,278.42688,270.0,242.24155,219.28938,206.56499,201.54105,198.08354,199.0257,197.10281,207.68097,213.94363,229.93927,232.12495,239.88634,237.31944,242.6762,247.44272,246.0375,246.19405,250.85176,258.9766,261.43094,270.0,283.34872,293.33405,296.05344,293.55228,291.80148,294.44394,300.69965,306.57312,314.06088,320.79282,323.34378,322.4958,321.17017,318.27057,315.0001,310.76352,307.18478,309.47244,313.56796,313.7547,311.2685,307.794,304.50858,303.6901,304.9921,307.14676,309.55963,319.7637,350.53775,90.0,126.86999,138.01286,151.69934,165.06853,165.96373,152.24155,137.86247,126.528946,111.501495,94.28908,85.03035,83.77426,85.53293,85.85546,84.7262,82.010765,73.73973,55.375774,36.098385,22.873707,10.713074,359.28384
2025-11-13 01:17:29+00:00,2025-11-13 00:00:00+00:00,207.25525,207.3238,234.46223,275.2738,281.53458,281.12915,291.4478,282.46494,281.94415,282.3954,266.71082,273.43356,274.76355,274.91647,278.5608,277.7118,275.7105,278.71136,280.85007,288.43503,290.38925,294.06564,295.8663,304.50858,304.47925,306.22504,301.64462,294.7024,293.80594,292.8588,294.1791,297.78384,299.60434,293.83875,283.59097,282.8581,282.01144,282.26477,286.6993,292.14523,291.57138,292.0231,292.5742,307.66568,308.01898,306.25394,299.1974,290.77234,287.1028,293.7495,287.81897,300.96368,303.11136,319.39877,322.3057,325.17545,329.74365,337.06787,340.20102,344.3577,337.75092,337.1663,350.53775,333.43503,296.56497,234.46223,199.44012,186.91113,185.94676,192.40741,194.57425,197.10281,194.28113,194.47034,199.70807,210.96368,222.04915,231.1155,238.57048,238.15099,242.41806,245.87901,236.97612,235.88548,228.60857,229.92717,234.46223,243.72585,248.08507,271.97488,301.46408,297.7184,307.47626,304.136,313.69812,314.3098,318.14505,315.6902,306.86996,309.09384,316.5074,316.08084,296.56497,277.8532,271.78986,268.31534,275.44025,280.53912,285.59286,289.1791,295.79596,297.68097,295.0674,294.04422,291.94876,290.3533,287.47485,283.44864,275.85593,262.6477,252.25523,254.05453,273.17978,295.01685,317.4896,334.79892,350.13425,360.0,5.7105074,8.841739,10.304792,11.592147,12.875007,13.240531,11.3098955,9.727519,8.365798,6.9111314,5.3557334,1.9091109,357.87894,352.87506,346.60748,341.56494,337.6198,336.0375,335.77228,335.55606,336.5014,338.6293,341.56494,344.93146,346.42953,348.6901,350.21765,351.87,355.60138,360.0,7.4313188,13.392516,14.743609,12.528798,17.354122,36.253937,53.61555,62.447273,63.435013,57.99466
2025-11-14 01:02:39+00:00,2025-11-14 00:00:00+00:00,295.14474,295.76926,337.28555,322.85324,310.91428,306.60718,306.38446,300.25635,318.52155,317.96103,322.06668,323.82028,320.76266,317.95087,312.1375,306.11945,297.55273,288.12195,270.7742,278.3438,276.0089,275.11722,264.47256,255.73544,258.6901,253.03377,246.54095,251.56496,227.72636,253.30067,331.9276,345.4655,321.9529,331.8215,346.32867,348.6901,17.87879,46.8476,79.69521,167.00539,143.13002,148.24057,142.52374,196.38962,186.48297,194.03627,192.65256,195.25517,200.659,217.72505,230.76265,237.69269,237.5877,239.16223,244.7989,246.59529,241.32695,239.85869,240.06857,243.43501,245.22488,248.3555,269.19308,261.1797,286.6993,302.64462,305.53775,305.69016,305.45557,306.02747,301.09723,303.887,315.0001,311.98712,313.60287,311.25693,305.9606,304.01938,299.0545,281.3099,270.0,273.46817,273.27042,272.9356,274.96964,280.49142,289.9165,294.32556,296.2586,295.37772,294.16663,293.00888,296.93945,299.14798,305.21768,305.75397,304.28693,297.55273,292.6199,292.6199,289.1791,292.6199,293.49857,285.6423,283.49576,287.52567,289.9832,305.53775,315.0001,297.64587,294.67685,300.25635,300.46545,308.65982,304.69522,303.6901,300.25635,300.25635,298.30066,295.01685,296.56497,300.46545,309.47244,315.0001,323.13,335.37646,341.56494,340.9743,340.46326,339.44388,341.56494,344.7448,349.69522,356.6336,4.763556,11.003508,13.240531,15.708701,17.241547,22.166399,27.474344,29.475794,26.564985,19.440128,7.59456,351.2539,337.3801,329.74365,329.74365,338.9624,344.05453,347.90527,355.60138,355.60138,351.2539,340.3461,338.9624,348.6901,33.6901,81.86999,125.537766,161.56496,169.3804,165.96373,156.80138,148.39255,141.84273,138.57643
2025-11-17 01:07:46+00:00,2025-11-17 00:00:00+00:00,305.78116,315.0001,306.3269,301.31348,295.79596,293.26773,282.7453,285.61945,279.57416,276.53653,281.20074,274.0444,279.64798,280.6196,282.2423,286.01123,286.0155,282.80426,290.02618,289.9832,285.10962,283.07913,283.44864,289.7328,291.4855,294.49857,294.49188,296.3126,296.8278,296.8472,292.16638,293.7495,286.04907,284.9817,287.4028,282.33908,278.53067,273.01273,275.94678,284.85864,282.99463,285.25516,280.92276,330.75128,341.56494,3.3664,22.380184,29.054508,360.0,149.03632,159.86362,180.0,174.09395,159.92839,177.39749,186.76608,207.12122,194.03627,224.9999,276.11542,284.6209,276.84268,311.87778,334.05774,346.60748,1.3638979,8.530692,16.313938,15.75124,16.557161,8.365798,1.8475709,354.2895,4.23632,2.2025495,8.746089,14.620926,357.5105,360.0,6.842679,2.2025495,360.0,18.435053,8.130019,350.53775,18.435053,29.054508,30.465475,38.157276,27.552727,41.42357,28.810698,35.537766,30.465475,30.963696,31.607454,30.963696,8.746089,36.027473,360.0,348.6901,44.999897,90.0,153.43501,206.56499,135.0001,176.6336,174.09395,199.79897,214.9921,201.80147,199.9832,196.1135,211.15924,200.6745,216.1933,241.85849,260.9098,266.34784,265.60138,266.3087,272.12103,279.46225,290.22495,320.7106,10.61961,30.963696,35.311302,35.134277,34.9921,37.146767,39.644142,40.732014,40.732014,37.875053,37.64769,38.453735,40.15594,43.02507,47.91091,52.35232,55.954018,58.570484,60.802605,60.802605,54.90411,49.398785,46.301884,44.34155,42.878906,38.990997,30.018288,18.778133,10.885482,6.70975,4.763556,3.8140097,4.289077,8.130019,10.954029,13.134034,14.470333,16.699326,20.323217,26.564985,32.005356,33.6901,360.0
2025-11-19 02:43:05+00:00,2025-11-19 00:00:00+00:00,258.6901,240.2552,36.253937,13.495748,53.13002,92.86235,96.546196,107.26589,128.65984,159.01503,188.2857,192.93806,170.21767,175.91446,207.5972,234.60512,261.2539,300.65057,309.05313,310.0607,341.00323,334.8852,334.41153,337.3801,352.0566,356.42374,356.1346,347.56046,344.6044,336.21796,344.05453,341.56494,349.54013,349.17703,353.9459,352.76315,349.7779,348.11136,349.8754,355.91446,1.0230169,360.0,360.0,5.29,360.0,4.484529,356.42374,341.14676,332.176,18.435053,44.999897,354.2895,315.0001,290.55612,306.86996,262.8751,236.3099,270.0,270.0,184.39862,182.72626,193.24052,190.88548,183.57626,192.5288,194.5345,183.46815,181.46877,182.79265,178.727,177.5105,181.19347,198.43504,196.50444,202.93213,213.11136,207.75845,201.12479,203.9625,207.40749,210.32352,220.60121,227.33734,235.08052,237.45,233.3438,227.41954,239.0363,250.34608,244.7223,252.07199,259.8754,277.76508,330.25522,39.55964,18.435053,32.307316,28.072395,10.980613,3.6328866,358.12216,354.09393,352.14676,352.33328,353.01904,357.5105,356.186,358.66782,1.5911111,1.397161,3.2396317,14.036275,8.130019,11.633606,16.189287,25.709915,40.601215,51.34017,55.491425,52.124958,44.999897,216.86998,214.9921,218.15727,223.1524,229.89915,235.71307,241.55717,248.96242,253.49556,252.18102,247.52052,245.69547,249.07542,251.56496,256.67545,262.50424,271.5911,278.61557,281.68933,284.03625,286.6993,292.3802,299.74478,300.25635,289.9832,264.2895,232.12495,204.77512,191.30989,186.58185,190.3048,197.10281,202.52061,212.15227,227.29063,242.6502,248.83867,248.83867,250.46326,256.42953,265.76367,274.76355,280.78424,285.52417,293.1986,306.02747,327.52884
2025-11-20 02:42:23+00:00,2025-11-20 00:00:00+00:00,351.34753,356.7481,359.25595,353.08887,0.80690974,355.03033,357.02634,2.3214905,358.12216,350.21765,355.07297,358.977,354.61078,352.0566,334.72232,343.0091,342.5527,1.6365454,8.130019,11.888645,25.974339,25.346138,29.931421,29.931421,39.173653,48.01287,52.431335,26.564985,344.47583,345.9637,353.6599,327.38077,32.275623,47.290634,40.601215,109.98319,109.98319,270.0,249.44386,270.0,170.53775,99.46225,107.10281,123.23173,143.67308,164.05453,181.21884,183.99083,182.66295,201.12479,210.411,210.96368,200.40997,200.55612,199.57321,209.4758,213.07068,217.30403,226.36386,237.05078,241.76265,249.94382,261.51114,288.9466,313.3317,338.36905,2.0095148,3.691312,11.633606,19.133741,349.15973,357.6141,358.89832,352.47626,353.41815,350.70676,358.9584,357.7543,354.2895,354.05322,354.55975,350.78906,345.17346,337.01126,337.249,335.09525,340.9743,340.9064,338.19852,333.43503,329.03632,324.16226,316.9749,297.8972,289.29013,289.1791,286.92758,267.6141,254.74483,252.89719,248.96242,247.8336,255.96373,256.86597,253.30067,257.66092,264.47256,266.6336,277.1249,271.84756,281.6336,278.61557,289.53674,291.03757,299.4758,315.0001,347.00537,30.256361,55.304783,74.47583,87.27374,94.96966,104.62092,111.3707,119.74479,129.80553,138.36655,139.89915,138.01286,141.009,155.37645,173.6599,183.69131,178.36346,170.07382,166.55138,167.692,171.25392,175.16966,183.22446,193.24052,201.33693,203.42871,201.80147,201.03758,202.38017,205.2011,207.47435,211.89075,219.20718,224.9999,228.46832,229.26797,230.19447,230.7106,230.59937,231.34016,236.82147,243.43501,247.52052,246.0375,242.44727,237.72438,234.46223,233.13002,224.9999,360.0,26.564985
2025-11-21 02:41:50+00:00,2025-11-21 00:00:00+00:00,65.55606,88.4089,81.86999,128.65984,42.27363,80.53775,44.999897,351.87,44.999897,146.3099,171.46931,177.79745,215.83774,210.96368,206.56499,228.17992,230.90614,239.03632,250.34608,350.53775,133.66785,145.17545,146.3099,158.5522,187.49576,197.6502,198.8248,205.2011,224.9999,239.9315,320.7106,41.63345,76.50425,98.74608,75.57919,336.19403,23.70266,22.751022,10.840266,0.6510448,349.82455,347.4712,344.89883,350.69012,343.55954,335.2826,332.7005,337.1663,336.42526,354.09393,350.8377,342.64587,340.55988,353.9911,10.175456,10.437421,4.763556,3.5762644,5.527458,360.0,10.491434,2.4894993,357.87894,354.55975,336.3706,300.96368,277.59454,278.97253,272.72626,250.55988,254.05453,260.9098,236.88864,226.33215,229.76372,235.40765,257.4712,268.36346,282.5288,293.1986,301.7014,316.00497,317.91092,321.7661,323.67307,324.46225,332.30063,340.0168,344.87595,346.373,360.0,8.426887,11.3098955,46.8476,48.814175,44.999897,52.124958,56.309914,79.69521,94.39862,95.7105,143.13002,124.286934,135.0001,136.39711,137.29063,116.56499,117.75845,131.82008,164.3577,162.07199,168.92984,170.9098,172.99883,168.50346,174.47255,182.64249,188.48886,190.00792,190.00792,190.9806,193.43105,196.38962,200.55612,207.84749,220.10085,230.52757,230.01317,221.87778,214.11452,209.53868,203.9625,199.79897,199.17911,198.43504,200.85454,203.49858,206.56499,208.1785,209.7448,211.60745,209.98155,202.1664,191.68935,185.35573,183.3664,184.63538,185.5721,188.29706,189.78233,192.33908,196.06006,199.48622,202.8737,203.9625,203.9625,203.6294,200.04533,197.62239,200.39496,227.41954,301.6754,322.74463,322.74463,315.5672,307.26648,307.5042,311.18582
2025-11-22 02:37:40+00:00,2025-11-22 00:00:00+00:00,178.26433,195.6423,191.94415,192.72435,182.60251,248.19853,33.6901,6.3401003,167.4712,164.47583,162.47433,159.44388,188.65247,226.54811,317.2312,312.70938,355.13556,351.2539,356.94717,358.09088,351.87,358.0251,346.39944,342.8972,352.34943,7.236836,13.431052,17.783985,8.275804,4.5738406,22.442802,15.124064,358.26434,343.8107,326.68936,329.74365,348.31067,321.9529,297.75842,265.76367,261.87,236.97612,254.53873,248.58696,256.70142,245.4099,224.9999,261.38443,283.8912,255.17348,288.43503,307.56866,300.34317,317.02136,326.7934,319.60016,312.8789,310.81497,311.55252,313.66785,317.6026,321.9529,326.57516,332.1525,328.67136,327.61935,330.57263,334.09354,336.5713,336.8014,343.3007,356.186,350.53775,284.03625,210.96368,206.56499,198.43504,192.99461,180.0,193.39252,201.80147,204.44394,206.56499,217.56866,212.00534,213.11136,205.76927,184.08554,197.59251,182.0095,195.94547,191.30989,176.26868,192.40741,192.926,204.44394,201.63095,200.05618,201.80147,204.44394,206.14677,213.6901,217.56866,220.46214,221.42357,223.31535,224.9999,222.08908,220.60121,209.7448,213.6901,210.96368,215.83774,207.75845,212.38066,209.57774,203.42871,198.43504,200.13638,205.27768,207.69939,206.0033,203.70265,204.10223,211.50421,227.60262,240.75127,246.25049,244.44008,245.77226,258.6901,296.56497,354.2895,24.443953,44.999897,53.74608,50.906155,41.185837,29.744795,17.241547,7.3056703,358.75467,348.92984,336.16125,327.61935,327.61935,331.29416,331.29416,326.0035,319.18503,313.0251,305.53775,297.01257,288.75873,284.5345,282.30798,281.88864,284.25006,286.26028,288.658,290.39496,292.19034,293.00888,291.80148,288.9466,287.3541,287.87878,290.13638
2025-11-23 03:26:30+00:00,2025-11-23 00:00:00+00:00,330.39563,331.69934,305.9098,323.88055,331.9276,344.05453,21.991192,5.19435,3.179772,8.8805895,358.0251,340.46326,26.564985,30.963696,165.96373,212.19571,234.83348,238.10924,243.88614,239.19862,250.70985,254.29129,252.42865,256.18494,276.70975,305.21768,318.01288,307.9422,298.6948,312.64667,307.8228,304.73492,308.8534,311.36694,311.74268,311.51663,309.40063,309.8055,319.0446,320.82635,324.5666,321.1466,312.70938,307.30402,297.75842,281.3099,244.5367,238.57048,216.86998,141.84273,173.99109,175.76369,182.12105,189.16228,200.77234,194.47034,188.97255,194.03627,200.37651,200.37651,184.39862,197.10281,190.84026,190.40765,194.03627,182.16103,182.0095,182.72626,187.53935,190.23474,188.13002,187.76508,190.53912,192.09474,202.56705,206.90602,209.44533,213.46541,214.91948,217.794,220.06071,220.60121,226.5911,224.09071,224.9999,224.9999,226.8476,224.09071,216.02747,216.86998,222.13753,210.52963,202.01134,194.62091,205.64096,201.19412,191.5138,210.19153,207.58194,213.25438,236.7251,255.41104,275.9742,298.30066,297.38733,296.56497,300.83777,302.1712,300.06848,299.0545,296.96564,290.85452,288.43503,289.51596,292.05112,289.32327,284.03625,278.48886,273.57626,269.06082,268.05856,272.96088,281.49652,286.6993,285.10114,280.9806,277.32632,276.42865,275.5529,275.5529,274.76355,273.17978,273.91818,277.49576,281.85297,285.31287,287.62238,289.23077,290.25653,290.55612,290.29764,289.9832,288.74142,287.2816,286.1444,287.96924,291.80148,293.70264,294.22772,293.38525,293.1986,292.3802,290.55612,291.16132,293.4287,296.56497,300.65057,304.21576,306.86996,308.36752,303.6901,298.7397,295.8663,296.56497,300.37906,303.17853,304.82455,308.2902
