forecast_day,time_of_1h,1h,2h,3h,4h,5h,6h,7h,8h,9h,10h,11h,12h,13h,14h,15h,16h,17h,18h,19h,20h,21h,22h,23h,24h,25h,26h,27h,28h,29h,30h,31h,32h,33h,34h,35h,36h,37h,38h,39h,40h,41h,42h,43h,44h,45h,46h,47h,48h,49h,50h,51h,52h,53h,54h,55h,56h,57h,58h,59h,60h,61h,62h,63h,64h,65h,66h,67h,68h,69h,70h,71h,72h,73h,74h,75h,76h,77h,78h,79h,80h,81h,82h,83h,84h,85h,86h,87h,88h,89h,90h,91h,92h,93h,94h,95h,96h,97h,98h,99h,100h,101h,102h,103h,104h,105h,106h,107h,108h,109h,110h,111h,112h,113h,114h,115h,116h,117h,118h,119h,120h,121h,122h,123h,124h,125h,126h,127h,128h,129h,130h,131h,132h,133h,134h,135h,136h,137h,138h,139h,140h,141h,142h,143h,144h,145h,146h,147h,148h,149h,150h,151h,152h,153h,154h,155h,156h,157h,158h,159h,160h,161h,162h,163h,164h,165h,166h,167h,168h
2025-11-05 02:32:32+00:00,2025-11-05 00:00:00+00:00,964.30994,962.35016,962.2065,961.89594,961.8234,961.19666,960.4024,960.31866,960.935,960.7892,960.7268,961.04065,961.6993,961.5101,962.1232,962.1929,962.40393,961.1821,960.09937,959.3834,959.5253,959.1004,958.46246,958.5067,959.00946,959.12427,958.86414,959.05914,959.3549,959.4967,959.69794,959.998,960.36255,960.53687,960.82086,960.93555,961.47723,961.76154,962.65826,963.49567,964.07764,963.5686,963.0806,962.7852,962.80786,962.5054,961.5037,960.5558,960.0471,960.615,960.4697,960.44904,960.0522,959.6343,959.3005,959.0402,958.4136,957.9852,958.0276,957.7769,957.52655,957.86646,957.44604,956.7011,956.1688,955.2023,953.9557,953.1251,952.5407,951.9093,951.37476,951.1659,950.95,949.8995,949.2849,949.05145,948.025,948.01935,948.6746,948.9628,948.6352,949.38763,949.9406,950.24927,950.5743,951.29315,951.8744,952.1559,952.4252,952.15393,951.67365,951.4563,951.6073,952.0126,951.9357,952.26483,952.7559,952.58594,952.6542,952.7619,952.3988,951.9917,952.1598,952.30774,952.40454,952.2187,952.3049,952.3478,952.9757,953.7529,954.5841,954.9968,955.1952,955.6201,955.6102,956.3604,957.2436,958.2582,959.1763,960.1347,961.1028,962.048,962.8975,963.48566,963.63586,963.5149,963.4763,963.47504,963.5442,963.7506,964.1782,964.75525,965.2931,965.9738,966.6089,966.8403,966.4367,965.6313,965.0085,964.6443,964.4666,964.4338,964.7291,965.2537,965.68085,965.96124,966.0597,966.169,966.2444,966.2366,966.2511,966.19446,966.1491,966.19727,966.27094,966.5201,966.7059,967.078,967.54865,967.6481,967.1168,966.31714,965.6077,965.0954,964.6664,964.36365,964.1526,963.94183
2025-11-06 02:21:59+00:00,2025-11-06 00:00:00+00:00,958.8873,958.55383,958.6929,958.3792,958.94165,959.2708,958.76196,958.8789,959.24554,959.6899,959.54553,960.35016,961.0904,962.1168,963.0092,963.4356,962.9882,962.947,963.0419,962.8587,962.597,962.1813,961.0686,960.8754,960.4485,959.9634,958.3879,957.64685,957.1885,956.64594,955.82117,955.5915,955.27826,955.12964,954.5341,954.5874,954.55286,954.2888,955.0644,954.9185,954.8541,954.07074,953.2019,952.8525,952.16376,951.14606,950.16486,950.2177,950.3295,951.0618,950.4403,950.1119,949.1796,949.6113,949.90936,951.15936,951.29315,951.01056,951.4069,951.6252,952.14545,952.7938,952.8916,952.9631,953.101,953.0211,952.38055,951.7203,951.81494,951.93756,951.95013,952.3029,952.4185,952.23535,952.27,952.33435,951.8335,951.3429,950.9362,951.05035,950.9757,950.4796,950.56836,950.4139,951.06903,952.2242,952.9723,953.249,953.9147,954.37195,954.34265,954.682,955.30225,956.10205,956.49084,957.2443,957.85065,958.1435,958.44586,958.34015,958.3375,958.0943,957.98175,958.4226,958.7177,958.7578,959.0888,959.60095,960.0785,961.0583,961.53015,961.327,961.0272,960.2771,959.85345,959.88885,960.24603,960.6838,961.2311,961.86664,962.45966,962.9844,963.5642,963.9332,964.1747,964.3102,964.44507,964.5079,964.57025,964.65515,964.9749,965.317,965.67926,966.1378,966.509,966.61285,966.0962,965.3318,964.55096,963.7678,963.0672,962.5028,962.24915,962.2066,962.0762,961.619,961.0726,960.66394,960.53674,960.6307,960.73553,960.7578,960.7798,960.8126,960.7688,960.8295,960.9004,961.24493,961.7703,961.81995,961.234,960.2678,959.46045,958.8998,958.58734,958.41876,958.58374,958.9857
2025-11-07 02:19:42+00:00,2025-11-07 00:00:00+00:00,959.4329,958.52026,956.7239,956.828,956.84863,956.03424,954.7492,955.10516,956.02625,955.1709,954.85583,954.5977,954.25793,953.57043,953.80963,954.20074,954.30707,953.7588,953.27655,953.23804,952.5203,951.3144,950.48596,950.41595,950.23315,949.22974,948.53107,949.91595,950.2383,949.78687,950.015,950.7884,951.0369,951.37854,951.5372,952.1275,952.48444,952.3604,952.3604,952.98505,953.46466,953.3803,953.16016,953.491,953.8299,953.81573,953.20154,953.1291,953.49524,952.86487,953.0581,953.17224,952.4285,952.10614,951.7439,951.67426,951.43585,951.416,951.3659,951.4197,951.80664,952.3842,952.7307,953.0737,953.2459,953.0766,952.57635,952.52075,953.0543,953.90076,953.9121,954.42664,955.8385,956.30054,956.3026,956.69055,956.97253,957.09534,957.26227,957.3335,957.4447,957.7348,958.1986,958.3683,959.43005,960.44635,960.94183,961.1662,961.6856,961.26306,960.8794,960.4092,960.8371,961.3163,961.8306,962.6836,963.2881,963.4813,963.92224,964.5012,964.6105,964.8961,965.3804,965.66534,965.5973,965.529,965.8587,966.106,966.16547,966.48065,967.1674,966.9247,966.5526,965.8998,964.6355,964.0284,963.5052,962.9205,962.2828,961.6799,961.2712,961.09717,961.1366,961.187,961.12115,960.9614,960.8126,960.7465,960.7854,960.7412,960.6529,960.57526,960.6473,961.0612,961.5918,961.71545,961.04565,959.9852,959.168,958.66187,958.3098,958.2349,958.48956,958.9204,959.23987,959.42896,959.61725,959.7321,959.77386,959.847,959.8257,959.87775,959.84607,960.02356,960.4314,961.04846,961.54047,961.917,962.3446,962.4346,962.1526,961.7266,961.32495,961.08185,960.9828,960.943,961.1702,961.5594
2025-11-08 02:10:26+00:00,2025-11-08 00:00:00+00:00,949.8803,950.14404,949.2285,949.16693,950.257,950.6048,949.6526,949.6202,951.3521,951.91907,951.3739,951.59143,951.7037,952.12646,952.5936,952.9739,953.60785,952.78296,952.14374,952.2104,952.7107,952.86,952.3919,951.87213,951.7754,951.6217,951.5374,951.48804,951.16034,950.3914,949.5789,948.9791,948.80554,948.37915,947.64,947.7785,948.90967,949.4648,949.71796,949.89606,950.58734,951.10547,951.747,952.5659,953.00946,953.65,954.2353,955.2689,956.387,956.9099,956.9513,956.9191,957.4199,956.6344,956.4639,956.88605,956.61554,956.5897,956.9125,957.6086,958.37585,959.39264,959.95123,959.5413,959.38416,958.88904,958.3283,958.26654,958.7043,959.0228,959.20935,959.81323,960.487,960.90106,961.3929,961.7624,962.1425,962.5339,962.77454,962.90936,963.03204,962.98914,963.3299,963.6711,963.8835,964.8607,964.917,964.7794,964.452,963.8147,962.9511,962.1681,961.6977,961.32104,960.86743,960.60864,960.4974,959.9042,959.5349,959.2704,958.912,958.8071,958.40985,958.4706,958.30505,958.19434,958.21655,957.7688,958.0116,958.4191,958.79126,958.4497,958.0017,957.0088,956.1127,955.7509,955.50793,955.5625,955.86456,956.26306,956.6994,957.0683,957.38354,957.6576,957.7445,957.6938,957.7562,957.86993,958.10864,958.4512,958.8332,959.4237,959.91516,960.5516,961.2793,961.6535,961.4275,960.8441,960.45026,960.2276,960.1778,960.2049,960.5086,960.9759,961.3306,961.6624,961.99396,962.14764,962.008,961.80597,961.6145,961.6542,961.7986,962.05884,962.2532,962.5524,962.84985,963.1897,963.5989,963.68304,963.28796,962.5626,961.7963,961.15155,960.56635,960.1002,959.9111,959.92236
2025-11-09 02:32:01+00:00,2025-11-09 00:00:00+00:00,952.6126,952.91113,952.16205,951.8641,952.2548,951.7338,950.67773,950.4128,950.5505,950.1336,949.25586,948.82874,949.36285,949.8578,950.14264,950.58105,950.69495,950.6853,950.4814,950.9261,951.67584,952.2508,952.7925,953.7931,954.89276,955.1964,955.1658,955.06134,955.69806,955.5712,955.2043,955.1067,955.0828,955.2067,955.08795,955.34845,956.01355,956.47974,956.8009,956.9888,957.7404,957.83435,957.80334,958.26074,958.218,958.2399,957.8588,957.8967,958.6366,959.12024,959.55615,960.3266,961.0335,961.71936,961.9341,961.9729,962.12604,962.59314,963.1652,963.81067,964.119,964.9939,965.40656,965.09503,964.9365,964.2697,963.4187,962.66895,962.23004,962.0304,961.7312,961.589,961.19934,960.69684,960.51984,960.52576,960.4594,960.0118,959.8127,959.73004,959.78,959.5424,959.1834,958.87946,958.9511,959.41907,959.8952,960.40796,959.8142,958.5499,957.97675,957.6253,957.8835,957.9426,958.1228,958.6605,959.4359,959.66656,960.0134,960.05634,959.86707,959.75085,959.7816,960.0939,960.05133,960.23944,960.7841,960.71136,961.24524,961.79065,962.3869,962.41,962.4386,961.8659,961.166,960.87787,960.6793,960.60583,960.75305,961.0224,961.21643,961.3841,961.57153,961.6966,961.7062,961.7365,961.6835,961.6304,961.49384,961.5558,961.7419,962.0322,962.338,962.72144,963.1997,963.2997,962.8628,962.1719,961.5385,961.07025,960.6832,960.443,960.35297,960.4098,960.5368,960.64136,960.8341,960.84064,960.5616,960.2009,959.8599,959.6636,959.40326,959.39325,959.5694,959.911,960.1139,960.30176,960.52673,960.37103,959.8249,958.8976,958.1167,957.45636,956.86066,956.37646,956.15186,956.03326
2025-11-10 02:22:08+00:00,2025-11-10 00:00:00+00:00,955.812,957.1308,956.7962,956.95215,957.48486,956.5539,956.23676,956.20264,955.93976,956.1618,955.5904,956.70264,956.50385,956.7966,956.8625,957.3322,958.1778,958.3872,958.8415,959.37714,959.5541,959.42773,959.34753,959.3252,959.7421,960.05743,960.3466,960.9925,961.747,962.5354,962.3667,962.20514,962.359,962.8134,963.02386,963.474,964.2054,964.58563,964.5208,964.58276,964.13837,963.2421,962.64294,962.74084,962.38715,961.6664,960.55646,960.04034,959.24023,961.06635,960.7297,960.64166,960.02277,959.9448,959.88434,959.962,959.7854,959.3875,959.33185,959.1219,958.82916,959.32056,960.3151,960.24304,959.69196,958.7721,958.0011,957.84845,957.7048,957.6998,957.7561,958.60535,959.196,959.54285,960.01447,959.88837,959.9073,960.19855,960.5622,961.0194,961.28827,961.26337,961.4372,961.8421,962.5394,963.51196,964.1422,964.3736,964.54504,963.6664,962.6971,962.27637,962.4745,962.3041,962.2172,962.6278,962.8674,963.01227,963.2929,963.3745,963.00684,963.0196,962.77826,962.83154,962.38934,962.46606,962.3721,962.16064,962.32733,962.971,963.5039,963.34344,962.93726,962.2072,961.3596,960.7678,960.3419,959.9782,959.81244,959.7204,959.71234,959.7167,959.81244,959.8445,959.67834,959.4488,959.31305,959.28204,959.1776,959.251,959.36615,959.4814,959.6798,959.90497,960.1072,960.05054,959.6789,959.0654,958.42725,957.86224,957.3905,956.97406,956.7228,956.62256,956.4253,956.1611,955.8185,955.4857,955.2471,954.9243,954.6116,954.30884,953.9121,953.4111,952.74493,952.0584,951.34576,950.8608,950.528,949.8522,948.7694,947.44714,946.2387,945.3999,944.6845,944.16705,943.7728,943.4819
2025-11-11 02:13:15+00:00,2025-11-11 00:00:00+00:00,961.37213,960.5382,960.96936,960.8864,962.6435,962.5386,962.787,963.47186,963.9748,963.88086,963.1072,963.0293,963.0943,962.6982,963.0357,963.71436,964.23645,963.27454,962.675,962.78326,962.4399,961.2171,959.9922,959.35846,958.8723,958.0076,957.1879,956.7256,956.5195,957.0031,957.15076,957.48645,957.31714,956.866,956.3822,956.63165,956.93164,957.2232,958.1549,958.59265,959.141,958.4506,958.0925,958.10284,958.9405,959.094,958.72766,958.3393,958.62103,960.55804,960.70197,960.8142,960.70764,960.7991,961.29895,961.621,962.1309,962.0663,962.30505,962.5433,963.1795,964.0574,964.76984,964.8329,964.59375,964.17035,963.16986,962.5502,962.4404,962.6169,962.2053,962.38745,962.8895,962.8262,962.6678,962.6877,962.6346,962.59216,962.6328,962.6949,962.45337,962.31665,962.28467,962.34625,962.795,963.5555,963.99615,963.87085,963.6252,962.75854,961.8929,961.14496,961.1113,960.7699,960.73987,961.0224,961.7253,961.7353,961.70483,961.5903,961.3919,961.4123,961.244,961.3382,961.42236,961.4861,961.28754,961.4555,961.99744,962.16266,962.08527,962.262,962.4998,961.4292,960.5401,960.1503,959.75006,959.5057,959.3116,959.17706,959.09845,958.9887,958.9489,958.8145,958.5563,958.30756,958.059,957.8403,957.6319,957.5073,957.386,957.244,957.26434,957.46356,957.7248,957.6669,957.0637,956.1348,955.2966,954.8058,954.4002,954.1545,954.1884,954.37396,954.6499,954.84796,955.1452,955.3676,955.49567,955.55994,955.52954,955.3952,955.26074,955.1665,955.2271,955.516,955.73035,956.15265,956.59406,956.801,956.6426,956.2552,955.85254,955.674,955.4853,955.3999,955.4638,955.62744
2025-11-12 02:15:39+00:00,2025-11-12 00:00:00+00:00,958.0691,955.6195,955.4391,955.04504,955.76764,955.7101,955.721,956.541,957.19885,956.541,956.5195,956.6965,956.581,956.73444,957.51776,957.756,958.1996,957.92596,957.5971,957.7307,958.1907,958.3439,958.0632,958.2386,958.52026,958.71655,959.02264,959.47253,959.754,958.93787,958.2148,958.01245,958.6979,958.88293,959.299,959.7868,960.25995,960.51984,962.02234,963.10675,963.65063,963.5864,963.6925,963.66754,963.84595,963.74695,963.2976,962.94763,962.92084,964.08936,964.03455,964.06464,964.022,963.8852,963.6758,963.6437,963.45557,963.0903,962.9855,962.76544,962.9317,963.89056,964.15247,963.6796,963.3486,962.46045,961.6981,960.68,960.7397,959.79456,959.96277,960.2049,960.3427,959.7985,959.959,959.27844,958.73724,958.8981,958.8753,958.80884,958.48566,958.28424,958.0886,957.6282,957.9713,958.2304,958.0991,957.97675,957.6553,956.7377,956.00464,954.9384,954.6518,954.0923,953.83075,953.11725,953.0086,952.86487,952.26013,952.36914,951.98676,951.7784,951.74854,951.72833,951.8572,951.40936,951.34467,951.25037,951.3251,951.52313,951.6763,951.3313,951.5668,951.06866,950.06744,949.84064,949.73535,949.81836,950.21246,950.7006,951.20807,951.66943,951.9622,952.3099,952.46564,952.58154,952.66156,952.88965,953.0823,953.31995,953.60846,953.837,954.15424,954.51605,954.8727,954.9455,954.62085,954.11633,953.7054,953.5393,953.3713,953.34344,953.44574,953.4975,953.60364,953.5807,953.53174,953.3885,953.0469,952.51685,952.10077,951.6942,951.2974,951.1289,951.1976,951.484,951.6663,951.6305,951.5947,951.5683,951.648,951.6421,952.00964,952.5667,953.47485,954.48035,955.9306,957.67975
2025-11-13 02:32:37+00:00,2025-11-13 00:00:00+00:00,958.7593,958.3982,958.07837,958.68677,959.81744,958.7407,958.3427,958.3194,958.4633,959.0253,958.9287,959.6056,960.2928,960.92444,961.82465,962.6632,963.4457,963.3199,963.38477,963.487,963.7345,963.59717,963.22565,963.15204,963.5144,963.45447,962.83875,962.74396,962.7526,962.83484,962.61304,962.893,963.194,963.1912,963.32556,963.56067,963.9872,963.90424,964.92944,965.8318,966.0764,964.9574,964.02716,963.4969,962.98926,962.23224,961.0931,960.3033,960.05164,960.5876,960.82043,960.6423,960.2755,960.1311,960.1748,959.8208,959.3519,959.23895,959.1751,958.7378,958.9868,959.0345,958.7985,958.2253,957.91797,956.7793,955.75757,954.56995,953.73016,953.4838,953.13165,952.95605,952.6925,952.1098,951.90216,951.6748,951.1841,951.2326,950.732,950.40094,949.93915,949.3446,948.9846,948.796,949.0301,949.24493,949.36835,949.3976,949.6467,949.0445,948.7251,948.84283,948.9425,949.4359,949.6564,950.1821,950.8707,951.4974,951.776,952.2515,952.47437,952.8313,953.30286,953.76373,954.0566,954.2656,954.58954,954.82965,955.0697,955.7912,956.3051,956.3494,956.1127,955.4499,954.51044,954.4486,954.6896,954.7883,954.7625,954.7023,954.55756,954.3929,954.2483,954.14417,954.29877,954.5036,954.7824,954.9365,954.97675,955.18524,955.4678,955.8245,956.29553,956.8066,957.4316,957.8681,957.90796,957.7495,957.7793,957.9874,958.28015,958.65704,959.21234,959.85223,960.40753,960.7844,961.05695,961.24536,961.42413,961.50824,961.5924,961.7809,962.07355,962.35626,962.713,963.1541,963.5512,964.1322,964.6684,964.9112,964.57764,963.94116,963.4535,963.3592,963.40497,963.6094,963.9629,964.3806
2025-11-14 02:16:29+00:00,2025-11-14 00:00:00+00:00,962.307,960.6492,960.8823,962.01276,962.201,962.26324,960.98694,960.8916,961.6637,961.9035,962.1215,962.70496,963.3203,964.0556,964.8448,965.5249,965.6019,964.7294,963.84033,963.17413,962.8352,962.35034,960.9771,960.4634,960.6538,960.5122,959.39844,959.2124,959.15137,959.1307,958.8278,958.89124,958.12976,957.61816,957.0018,957.23285,957.3061,957.1165,956.799,956.95715,956.66345,955.80414,954.9384,954.1653,953.4767,952.27844,951.3893,950.81805,950.93164,950.84064,950.77563,950.56055,949.816,949.7141,949.0327,948.6726,948.02234,947.5027,947.19086,947.00916,947.55524,947.9223,948.1659,948.29926,948.6075,948.408,947.8803,947.9927,948.4918,949.0426,949.56195,950.1791,950.9822,951.3736,951.6172,952.13135,952.1849,952.4366,952.7919,953.1467,953.39636,953.4786,953.95776,954.4685,955.084,955.8835,956.3967,956.76294,956.9146,956.1675,955.7208,955.5127,955.726,956.06805,955.58984,956.00446,956.30054,956.3432,956.35455,956.28204,956.1879,956.1869,955.8138,956.0328,956.0656,957.10504,956.2799,956.73096,957.01227,957.4093,958.49615,958.5784,958.61957,958.2943,957.9055,957.9463,958.07104,958.3739,958.9488,959.6182,960.1934,960.6846,960.98724,961.29016,961.49884,961.5192,961.63385,961.654,961.76855,961.8526,962.0334,962.27704,962.6536,963.18115,963.8275,964.1574,963.9433,963.40497,962.96594,962.7773,962.58545,962.5528,962.76306,963.0266,963.26404,963.3284,963.1601,963.00146,962.6343,962.069,961.5881,961.1713,960.8287,960.6003,960.5605,960.6245,960.7489,960.953,961.226,961.3391,961.05756,960.62244,960.08844,959.4383,958.7119,958.03204,957.58344,957.1918
2025-11-17 02:25:03+00:00,2025-11-17 00:00:00+00:00,952.39026,951.9998,951.78754,951.1868,952.3097,952.3532,952.16614,951.96716,952.54175,952.90656,953.4284,954.35645,955.0233,955.4029,956.4409,957.13715,957.75696,957.3506,957.2688,957.3686,957.731,957.8449,957.4513,957.66534,957.96356,958.0921,957.64307,957.6746,957.9253,957.8518,957.80994,958.3111,958.1208,958.08887,957.9523,958.2237,958.46497,958.72955,959.2966,959.8485,959.8331,959.26807,958.71326,958.43054,958.12866,958.3905,958.0636,958.1231,957.42096,958.7316,958.516,958.8392,958.9805,959.09503,959.2731,959.4614,959.8923,960.0705,959.94275,959.89874,960.5982,961.1797,961.6622,961.6774,961.73157,961.2942,960.81665,960.5667,960.60535,960.5861,960.44586,960.8339,961.4443,961.6774,961.5436,961.6724,961.26556,961.0074,961.22,961.2341,961.1634,960.99884,961.2845,961.244,961.4019,961.88684,962.7835,963.0376,963.22485,961.9176,961.13715,960.86414,960.3353,960.28656,960.15845,960.3809,960.4919,960.55664,960.4527,959.5652,959.3047,959.3403,959.1968,959.2065,959.44,959.45984,958.8745,958.2301,958.79553,958.9886,959.3989,959.487,959.47095,958.5088,957.3219,956.7562,956.35974,956.0672,956.05756,956.3404,956.51917,956.60376,956.78265,956.68835,956.4055,955.94385,955.4725,955.07605,954.6599,954.34784,954.03595,953.8181,953.61993,953.7142,953.8279,953.7172,952.9681,951.888,951.182,951.0783,951.3508,951.7538,952.24786,952.9527,953.5343,954.0248,954.3957,954.74225,955.09503,955.4232,955.70123,955.77576,955.8,955.9287,956.25525,956.7703,957.13715,957.4598,957.73865,957.83844,957.7048,957.41174,957.2272,957.0938,956.97565,957.0552,957.44684,957.9326
2025-11-19 03:56:19+00:00,2025-11-19 00:00:00+00:00,956.81195,956.9638,957.3586,956.06415,955.6728,956.43646,957.4513,957.798,958.3427,957.98627,958.3731,958.844,958.9483,958.34906,958.61334,958.837,958.5293,958.5043,959.108,959.7389,960.1768,959.51904,958.8319,959.58295,960.3783,960.53723,960.00244,959.908,960.225,960.09064,959.5736,958.9012,958.7058,958.6551,958.4568,959.2101,959.75464,959.8054,960.2501,960.82837,961.4552,960.3739,959.5793,959.6184,960.13873,959.9304,959.73944,959.6895,960.2933,960.4418,960.61053,960.467,959.8771,958.93475,958.72156,958.8404,959.6291,959.3266,958.7613,958.41876,959.2969,959.69354,959.9316,959.713,959.58765,958.5284,957.46606,956.00085,955.8314,955.68756,955.27686,955.8525,956.2848,956.60376,956.42487,956.2461,955.105,954.66956,954.5169,954.21454,953.8475,953.2719,952.9534,952.6442,952.9657,953.22925,953.865,954.27454,954.67114,954.51215,954.0976,954.049,954.40814,955.00024,955.4628,956.20715,957.2631,958.1065,958.5331,959.14276,959.36725,959.89105,960.0292,960.28204,960.7329,960.817,960.4552,960.7725,961.4434,962.45496,962.9836,963.26447,963.16724,962.4122,961.81226,961.5868,961.44434,961.4691,961.48663,961.67224,961.8465,962.13513,962.42004,962.63116,962.63324,962.45667,962.2906,962.21826,962.2402,962.2928,962.5233,962.8683,963.1606,963.5847,964.0331,964.15204,963.6114,962.745,962.0421,961.6746,961.3791,961.2232,961.2407,961.48816,961.6344,961.6984,961.759,961.72485,961.4523,960.9712,960.5944,960.3118,960.2276,960.1334,960.2075,960.3862,960.5944,960.9671,961.28534,961.33997,960.78357,959.97156,959.2591,958.9762,958.889,958.96063,959.2007,959.50476
2025-11-20 03:54:43+00:00,2025-11-20 00:00:00+00:00,960.63727,960.6018,960.37744,959.0601,959.5212,960.26935,959.9604,959.6918,959.1937,959.0288,959.92,961.29614,961.3366,960.39124,960.3293,960.46857,960.6469,960.6846,960.7983,960.51996,960.3696,960.7375,959.8331,959.426,959.3974,959.2239,959.0054,959.695,959.86346,959.24274,958.6276,957.7157,957.3043,957.02167,957.0318,958.04346,958.589,958.24194,958.14703,959.30225,959.99884,959.0303,958.28326,957.43634,957.54004,956.93585,956.376,956.3085,956.3777,956.82416,956.8215,956.8769,956.5744,956.1707,956.2101,956.23315,956.0546,955.6317,955.27423,955.09534,955.59296,956.0546,955.9245,955.75824,955.9394,956.1539,955.63617,955.6822,956.27454,956.8532,957.33514,958.03217,959.12305,959.29987,959.5692,960.289,960.5516,961.093,961.3856,961.8264,961.9206,961.9206,962.18274,962.19495,962.783,963.28345,963.69977,963.9535,964.13184,963.65186,962.78,962.25256,961.9962,962.20825,961.99915,962.33765,962.6466,963.1938,963.3435,963.35547,963.3039,963.2731,962.84503,962.7211,962.83673,962.6904,962.722,962.58636,962.858,963.6934,963.965,963.6753,963.4973,962.79346,961.9215,961.4401,961.1158,960.7421,960.43176,960.25885,960.05927,959.96924,959.84467,959.7204,959.37756,958.85626,958.4591,958.1228,957.8166,957.6885,957.9811,958.4421,958.7547,958.92883,959.0486,958.895,958.4878,957.80646,957.34827,957.254,957.28973,957.504,958.01074,958.69604,959.22205,959.4005,959.4105,959.51447,959.703,959.8818,959.976,959.9857,959.9957,960.09973,960.37274,960.73,961.1267,961.6025,962.2209,962.4326,962.1335,961.54175,961.1088,960.8552,960.66656,960.6276,960.78424,961.1839
2025-11-21 03:54:02+00:00,2025-11-21 00:00:00+00:00,960.3015,960.0858,960.07574,958.8113,957.9038,958.0629,958.70276,958.22156,958.4004,957.5619,958.22156,958.47485,958.95575,958.8813,959.3275,959.71265,958.6725,959.04,958.48914,958.4816,957.4075,957.3189,956.65643,956.44586,956.1109,955.86725,955.178,954.83997,955.05786,955.0772,954.65454,954.4007,954.3162,953.9003,953.4386,953.75745,954.4077,955.2006,955.5805,956.21814,956.6862,956.6507,956.62775,956.501,956.83325,957.0062,957.21246,957.64655,958.39294,957.8869,958.54193,958.86475,958.8547,959.03314,959.2856,959.64233,959.9894,959.7505,959.53436,959.244,960.2915,961.54425,962.0111,962.36694,962.52356,962.0782,961.16705,960.96136,960.77277,961.03406,960.8688,961.21405,961.78595,962.0205,962.21136,962.3078,962.04785,962.27875,962.1642,962.1965,962.0934,961.9992,962.16675,962.2298,962.6166,962.9173,963.1551,963.8797,963.3952,962.303,961.70166,960.6925,960.38086,959.9431,959.42456,960.09015,960.37213,960.76654,960.4098,959.75757,959.2967,958.9838,958.64056,959.1084,958.6813,958.39874,958.09595,957.941,958.89996,959.11145,958.6963,958.93475,958.8042,958.42993,957.76416,957.8008,957.9847,958.291,958.97687,959.786,960.322,960.4714,960.3476,960.2138,960.1742,960.0307,959.9067,959.80273,959.7182,959.6437,959.4749,959.31635,959.25146,959.3656,959.4695,959.41473,958.9179,958.1479,957.4814,956.82416,956.3554,956.02637,956.2611,956.8147,957.0003,956.451,955.4205,954.52325,953.8537,953.298,952.8366,952.46924,952.1961,952.49493,953.5788,955.1452,956.45465,957.44495,958.1813,958.73724,958.99744,959.0677,959.08636,959.10675,959.07605,959.3298,960.08685,961.03876
2025-11-22 03:51:32+00:00,2025-11-22 00:00:00+00:00,957.08215,956.7896,956.0326,955.10345,953.9653,953.91,953.97504,953.7311,953.7239,953.55457,953.7722,953.7722,953.88544,954.65704,955.41846,956.499,956.32214,955.83124,955.6235,956.197,956.38324,955.8101,955.39594,955.97406,956.4068,956.501,956.51935,957.1422,958.0164,958.1847,957.6869,957.68317,958.0495,958.0495,957.64685,958.2253,958.8647,959.08386,959.2124,959.3721,959.6578,959.4115,959.1543,959.10455,959.48553,959.60767,959.4517,959.8978,960.21423,962.52,962.8978,963.3065,963.0664,962.8997,962.71155,962.9417,962.95215,962.7953,962.8365,962.7004,963.2119,963.8508,964.0673,964.16406,963.8743,963.2097,962.5647,961.88727,961.7754,961.8076,961.63727,961.78925,961.45636,961.37427,961.15765,961.17804,961.4909,960.9078,960.4901,960.8667,960.74176,960.83594,960.59625,960.0726,959.7798,959.5468,960.59515,960.2477,960.07043,959.2072,958.68677,957.565,958.08276,958.9886,958.781,958.89996,959.5242,959.4899,959.2416,959.1713,959.2755,958.89874,958.74036,958.86475,958.7905,958.73615,958.1064,958.01715,958.4931,958.3046,957.9574,958.33435,958.7753,958.0762,957.618,957.50073,957.59094,957.64886,957.8225,958.1305,958.3546,958.6917,959.0239,959.1579,958.9397,958.5231,958.19055,957.97235,957.84845,957.7783,957.79645,957.9613,958.1014,958.25934,958.48834,958.35077,957.77295,956.93225,956.3134,956.0747,956.04767,956.24133,956.70795,957.38025,958.0065,958.36945,958.6903,958.9382,959.1849,959.34796,959.6047,960.0485,960.5027,960.96765,961.4209,961.8847,962.3653,962.91833,963.48566,963.7688,963.6839,963.3247,963.05554,963.0564,963.25494,963.6096,964.1161,964.6764
2025-11-23 04:38:53+00:00,2025-11-23 00:00:00+00:00,957.2244,957.32935,957.39856,957.21014,957.6913,958.91425,958.33606,957.9018,958.9834,958.67236,958.83136,959.3872,959.357,959.3765,959.72394,960.8522,961.197,961.0193,961.197,960.8338,960.56104,961.05786,960.3691,960.6773,960.84125,960.8356,960.4726,960.4738,960.5069,960.34,960.0158,960.099,960.32855,960.1709,960.1076,960.60815,960.7324,960.4624,961.31055,962.1809,962.42755,961.95294,961.3688,961.41034,961.63745,961.2396,960.90607,960.47363,960.5076,961.8768,962.3711,961.6034,960.9238,960.621,960.1093,960.1909,959.5518,958.6101,958.7681,959.078,959.317,958.48956,958.5022,958.20917,958.04297,956.9775,957.27344,956.4734,956.4437,956.5537,956.89624,957.1012,957.5748,958.2286,958.0811,958.14996,958.14996,957.85754,957.5908,957.79834,957.7142,956.85596,957.02466,957.5607,957.65497,957.77856,957.995,957.66327,957.3869,956.56683,955.87787,955.60297,955.8813,956.4084,957.0652,957.8681,958.3479,959.4015,960.6505,961.2583,961.8626,962.18396,962.05597,962.41895,962.40533,962.5902,962.7529,962.9371,963.4027,963.7609,964.1772,964.4361,964.3699,963.9128,963.0775,963.02515,963.1819,963.44244,963.75244,964.1621,964.53864,964.8559,965.1332,965.3992,965.5041,965.5027,965.5342,965.7147,965.9401,966.25934,966.63794,967.0165,967.47125,967.904,968.39417,968.6673,968.4926,968.18695,967.7716,967.39557,967.0087,966.78845,966.7533,966.9607,967.0108,967.0171,966.956,966.8009,966.5911,966.2982,966.1934,966.2982,966.425,966.6566,966.89923,967.16345,967.4707,968.04126,968.5594,968.79364,968.2733,967.3749,966.7465,966.5271,966.6011,966.7683,967.1863,967.69836
