forecast_day,time_of_1h,1h,2h,3h,4h,5h,6h,7h,8h,9h,10h,11h,12h,13h,14h,15h,16h,17h,18h,19h,20h,21h,22h,23h,24h,25h,26h,27h,28h,29h,30h,31h,32h,33h,34h,35h,36h,37h,38h,39h,40h,41h,42h,43h,44h,45h,46h,47h,48h,49h,50h,51h,52h,53h,54h,55h,56h,57h,58h,59h,60h,61h,62h,63h,64h,65h,66h,67h,68h,69h,70h,71h,72h,73h,74h,75h,76h,77h,78h,79h,80h,81h,82h,83h,84h,85h,86h,87h,88h,89h,90h,91h,92h,93h,94h,95h,96h,97h,98h,99h,100h,101h,102h,103h,104h,105h,106h,107h,108h,109h,110h,111h,112h,113h,114h,115h,116h,117h,118h,119h,120h,121h,122h,123h,124h,125h,126h,127h,128h,129h,130h,131h,132h,133h,134h,135h,136h,137h,138h,139h,140h,141h,142h,143h,144h,145h,146h,147h,148h,149h,150h,151h,152h,153h,154h,155h,156h,157h,158h,159h,160h,161h,162h,163h,164h,165h,166h,167h,168h
2025-11-05 02:40:51+00:00,2025-11-05 00:00:00+00:00,200.32323,172.40544,167.19574,167.4712,147.72438,177.95464,147.80429,140.90616,139.76372,144.86572,133.99501,164.57777,180.0,188.13002,177.79745,176.28479,184.5139,194.67644,190.46912,198.18913,196.7713,183.57626,187.88304,178.97699,185.82625,188.84174,189.27252,188.91484,185.94676,181.73567,181.78987,180.0,176.42374,147.99466,109.440125,104.03627,90.0,85.60138,83.659904,76.50425,83.659904,97.43131,195.25517,216.86998,221.63345,194.62091,196.69933,194.03627,168.11136,135.0001,77.4712,66.37061,76.75947,74.054535,57.528828,60.94549,95.7105,38.65983,90.0,60.255207,5.19435,341.56494,18.435053,360.0,347.4712,321.34018,285.94547,295.46332,275.19434,273.814,279.46225,288.43503,292.24908,323.13004,14.036275,32.73523,42.709366,36.86998,18.435053,53.13002,48.366554,61.389645,48.01287,38.65983,63.435013,61.389645,55.0079,40.601215,82.875084,213.6901,242.24155,224.9999,227.12111,227.4896,239.74365,188.13002,216.86998,113.19862,70.01681,75.25639,59.743652,61.69934,60.255207,62.10283,44.999897,51.842735,44.999897,44.999897,50.194473,48.01287,44.999897,48.814175,44.999897,270.0,241.69934,248.19853,259.3804,266.186,265.91446,260.53775,263.6599,326.3099,36.86999,47.489597,47.290634,47.489597,47.72637,48.01287,48.01287,48.366554,44.999897,41.185837,41.185837,44.999897,44.999897,44.999897,11.3098955,277.1249,266.186,266.6336,273.57626,277.59454,273.57626,266.6336,262.40546,270.0,59.03632,65.22488,66.801384,61.389645,56.3099,52.124958,48.366554,44.999897,48.366554,63.435013,68.19853,65.55606,61.69934,63.435013,80.53775,198.43504,210.25635,201.80147,190.6196,180.0,184.76355,203.19862
2025-11-06 02:32:39+00:00,2025-11-06 00:00:00+00:00,175.53293,178.97699,183.06642,182.86235,184.08554,201.80147,186.1154,164.57777,158.96242,141.7098,138.81418,104.62092,87.70944,78.6901,76.50425,78.6901,78.11137,44.999897,259.21576,247.61981,230.90614,230.52757,226.54811,220.10085,212.00534,166.75948,120.963684,94.76356,96.11541,112.93214,113.19862,116.56499,92.12105,96.340096,99.865746,109.98319,167.4712,67.16631,109.17911,116.56499,82.875084,135.0001,237.26477,262.5687,277.76508,296.56497,311.63345,329.03632,335.85446,321.34018,20.556128,44.999897,30.256361,61.92762,30.256361,56.3099,48.01287,41.185837,59.743652,74.054535,73.300674,71.564964,71.564964,44.999897,90.0,230.19447,230.19447,233.13002,245.55606,270.0,248.19853,270.0,233.13002,206.56499,68.96242,71.564964,67.3801,68.96242,55.0079,58.392544,60.255207,44.999897,50.194473,52.431335,49.76371,51.842735,42.27363,41.98713,29.744795,323.13,264.80566,247.61981,251.56496,261.87,274.08554,286.6993,309.8055,41.63345,64.98315,57.264786,58.392544,58.392544,52.431335,48.01287,55.304783,50.710617,47.489597,53.13002,50.194473,28.610369,39.289394,44.999897,29.744795,290.55612,260.53775,262.40546,270.0,274.08554,274.76355,281.3099,288.43503,360.0,50.194473,61.389645,65.22488,63.435013,63.435013,59.743652,53.972538,53.972538,56.309914,59.743652,63.435013,63.435013,69.44387,75.96373,243.43501,248.19853,248.19853,246.3706,246.3706,243.43501,241.69934,241.38963,240.2552,44.999897,59.743652,57.724377,56.3099,55.0079,54.16227,54.782326,56.3099,55.304783,53.13002,47.72637,41.98713,44.999897,44.999897,90.0,233.13002,240.94548,233.13002,214.50858,195.6423,184.08554,169.6952,132.27362
2025-11-07 02:30:38+00:00,2025-11-07 00:00:00+00:00,206.56499,156.0375,175.23645,119.05451,95.44024,75.96373,92.72626,95.7105,92.385895,96.00892,95.44024,84.805664,81.46932,87.27374,92.72626,87.27374,96.340096,72.89719,90.0,186.3401,209.0545,233.13002,261.2539,284.03625,329.9315,346.50424,6.842679,26.564985,44.999897,42.27363,52.431335,49.398785,62.354122,70.46326,63.435013,59.03632,49.398785,74.74483,76.50425,11.3098955,294.77512,321.34018,255.96373,237.26477,236.3099,235.49141,236.3099,231.34016,220.23628,71.564964,70.346085,63.435013,60.255207,53.13002,61.69934,56.3099,52.431335,51.842735,53.13002,47.290634,49.398785,47.290634,39.805527,47.290634,51.34017,290.55612,261.87,256.75946,261.02747,267.13766,273.3664,282.99463,296.56497,15.255177,60.255207,63.435013,57.264786,57.094753,57.094753,53.74608,49.085716,50.906155,44.999897,49.76371,51.842735,44.999897,49.398785,47.72637,26.564985,288.43503,265.23645,253.61038,259.3804,262.8751,255.06853,264.2895,258.6901,71.564964,63.435013,51.34017,60.64234,66.037506,53.74608,57.528828,60.64234,63.435013,70.01681,57.99466,66.801384,59.743652,53.972538,60.255207,80.53775,261.87,236.3099,236.3099,233.13002,230.19447,232.43134,232.43134,231.34016,206.56499,75.96373,64.98315,59.53454,55.491425,51.34017,51.842735,50.710617,55.0079,55.0079,55.0079,55.0079,59.743652,66.801384,68.96242,59.03632,270.0,257.00537,248.19853,232.43134,222.5104,215.53777,208.07239,197.10281,146.3099,77.00539,63.435013,61.389645,60.255207,61.189304,63.435013,64.65388,67.16631,72.47434,78.11137,86.63361,116.56499,198.43504,219.28938,206.56499,78.6901,74.47583,93.17977,132.70937,154.65387,161.56496,165.2564
2025-11-08 02:19:17+00:00,2025-11-08 00:00:00+00:00,325.30478,328.5705,17.354122,56.3099,55.0079,54.46224,48.01287,42.27363,46.468742,60.461315,68.83867,60.75127,63.435013,78.6901,86.186005,282.80426,305.53775,241.38963,233.74606,226.8476,236.97612,234.46223,239.0363,229.39879,236.3099,293.9625,19.653913,25.016869,41.42357,52.594578,47.72637,51.34017,63.435013,50.194473,53.13002,53.74608,62.447273,81.02746,63.435013,63.435013,59.420856,42.709366,255.96373,252.3498,246.3706,263.9911,288.43503,322.12494,329.03632,50.194473,63.435013,61.92762,62.10283,57.99466,57.99466,57.264786,53.13002,51.842735,54.46224,51.34017,54.46224,47.72637,48.01287,50.194473,48.814175,278.74606,263.6599,270.0,254.47583,261.2539,252.89719,237.99466,255.96373,67.3801,60.64234,60.64234,67.61982,61.92762,56.3099,54.46224,63.435013,60.255207,44.999897,55.304783,59.743652,56.3099,65.22488,64.98315,66.037506,248.19853,246.0375,252.89719,252.64589,238.39255,229.39879,216.86998,218.65984,80.53775,57.094753,63.435013,59.53454,55.491425,62.24156,60.94549,59.03632,60.255207,63.435013,63.435013,61.69934,55.0079,65.22488,69.44387,320.1945,270.0,277.1249,255.96373,237.26477,231.34016,229.39879,227.4896,221.18582,153.43501,67.3801,62.24156,62.354122,63.435013,63.435013,63.435013,61.69934,61.389645,67.3801,72.89719,77.90526,77.00539,68.19853,66.801384,135.0001,220.60121,219.80553,212.73521,201.80147,201.03758,233.13002,284.03625,297.8972,291.3707,281.68933,273.9451,261.02747,201.80147,146.3099,116.56499,80.53775,67.16631,69.44387,90.0,122.00535,118.61037,109.440125,105.945465,106.9276,109.17911,109.17911,107.650215,103.39252,101.3099,100.784256,102.80426
2025-11-09 02:40:24+00:00,2025-11-09 00:00:00+00:00,208.61037,245.55606,308.65982,33.6901,42.878906,52.3057,66.2505,62.354122,52.124958,48.01287,49.398785,59.743652,33.6901,53.13002,41.185837,43.152412,44.999897,360.0,279.46225,249.77505,248.6293,253.0724,277.4313,300.25635,326.3099,342.64587,39.805527,60.255207,64.17907,57.99466,69.075424,74.47583,71.564964,83.659904,79.380394,81.38444,85.60138,84.47256,86.186005,84.95764,88.025116,39.805527,262.8751,246.0375,252.3498,248.19853,246.3706,250.55988,254.05453,53.13002,54.46224,61.92762,63.435013,55.491425,67.61982,50.194473,61.69934,57.264786,65.55606,63.435013,66.037506,74.054535,71.564964,68.19853,44.999897,135.0001,194.03627,233.97253,229.76372,220.60121,186.3401,188.97255,174.2895,116.56499,72.47434,68.19853,62.24156,65.77226,67.16631,62.10283,67.61982,68.19853,69.44387,68.19853,67.61982,75.068535,68.19853,90.0,90.0,170.53775,199.29015,189.21095,195.12405,153.43501,91.63654,204.44394,228.81418,70.559875,82.875084,69.44387,77.00539,93.57626,120.96369,107.650215,105.945465,97.12492,102.5288,185.7105,189.21095,138.15494,157.43295,177.13765,165.67725,170.70677,140.7106,152.87878,169.6952,176.42374,171.60716,160.27763,151.99092,156.3706,167.00539,172.03047,166.32867,140.19447,104.743614,101.88863,113.962494,122.90524,116.56499,106.699326,100.784256,95.19434,92.60251,100.30479,124.992096,148.73633,157.1663,157.47939,153.43501,148.57048,142.12495,128.2902,101.88863,79.69521,67.06787,61.821507,60.255207,60.018444,59.743652,59.420856,56.976128,56.3099,53.13002,51.34017,49.398785,55.491425,60.94549,66.037506,72.89719,101.3099,216.86998,243.43501,255.96373,261.02747,266.82022,273.814
2025-11-10 02:32:42+00:00,2025-11-10 00:00:00+00:00,300.96368,9.462248,47.72637,44.999897,51.34017,55.0079,60.255207,56.309914,158.19853,69.44387,53.74608,62.70051,81.86999,71.564964,57.528828,64.2901,74.57778,18.435053,254.74483,244.98314,244.65387,250.82089,255.2564,238.39255,241.69934,326.3099,42.709366,65.37646,69.22767,65.85446,72.12121,77.125,75.57919,76.75947,79.69521,93.945114,90.0,95.19434,73.300674,55.304783,68.96242,90.0,233.97253,240.64233,236.97612,218.65984,208.61037,216.38445,224.9999,86.186005,94.39862,68.19853,64.65388,70.559875,71.564964,60.94549,64.65388,73.300674,69.44387,68.19853,72.64589,85.23644,63.435013,94.08554,125.537766,165.06853,194.5345,183.01273,184.39862,182.72626,176.26868,159.22766,197.96924,160.70985,116.56499,101.88863,91.97489,131.42357,139.76372,150.25522,149.65683,143.42688,159.71736,177.33705,204.67685,110.77233,120.963684,116.56499,133.95847,140.59937,162.71841,165.14134,158.68202,152.02061,144.24602,187.69595,188.13002,148.67137,100.88548,96.340096,96.581856,101.3099,96.00892,90.0,77.4712,75.96373,104.03627,137.72638,139.76372,110.55613,113.62939,124.69522,135.0001,142.76509,148.78166,157.69374,168.17854,174.55975,178.31535,180.0,180.0,126.86999,73.300674,60.255207,56.3099,56.3099,54.46224,52.431335,47.489597,44.999897,39.289394,32.471172,24.443953,11.3098955,353.6599,333.43503,306.86996,285.25516,277.59454,278.97253,279.46225,280.88547,281.3099,280.30478,280.0079,293.1986,44.999897,72.89719,79.380394,78.6901,81.86999,81.86999,81.86999,81.86999,81.86999,85.91447,90.0,104.03627,124.992096,140.19447,146.3099,149.03632,149.62096,145.84026,141.34016,137.60262,141.34016,145.84026
2025-11-11 02:21:44+00:00,2025-11-11 00:00:00+00:00,261.2539,228.36655,55.0079,33.6901,6.3401003,57.264786,51.952908,67.24899,75.57919,75.57919,79.04598,87.5105,63.435013,60.94549,87.95464,98.13002,79.69521,319.39877,270.0,270.0,233.74606,230.19447,228.01286,206.56499,234.78232,325.0079,7.12493,75.96373,80.53775,87.614105,83.99109,82.40546,95.7105,116.56499,131.63345,80.53775,200.55612,265.91446,171.46931,129.47243,140.52757,178.66782,177.95464,184.0141,184.23631,187.12492,191.94415,187.52373,186.98096,143.13002,96.340096,51.009003,86.98728,90.0,165.96373,135.0001,122.471176,40.236294,64.35905,90.0,135.0001,158.19853,145.86401,136.70978,139.72806,145.0079,209.64977,194.32275,180.0,175.4861,138.12222,147.20047,137.81563,128.15727,145.0079,154.65387,145.49142,139.08571,130.0302,130.60121,107.650215,92.60251,92.86235,90.0,87.5105,79.21575,90.0,81.25392,44.999897,143.13002,184.08554,197.35411,238.57048,253.61038,274.08554,315.0001,299.74478,341.56494,14.036275,40.9143,53.13002,51.34017,55.491425,54.46224,53.74608,59.03632,50.710617,53.13002,53.972538,55.304783,48.01287,57.528828,77.4712,254.05453,243.43501,248.19853,255.96373,257.90524,251.56496,194.03627,123.690094,95.19434,77.90526,69.44387,69.44387,70.346085,72.89719,72.89719,74.054535,75.068535,75.068535,70.346085,68.96242,65.22488,66.801384,67.3801,99.46225,187.12492,206.56499,212.00534,214.50858,212.00534,200.55612,183.57626,161.56496,135.0001,101.3099,90.0,96.84268,107.241554,114.14554,119.4758,130.60121,153.43501,195.94547,243.43501,261.2539,258.6901,252.64589,244.98314,233.13002,216.02747,198.43504,180.0,163.30067,144.46223,108.43504,360.0
2025-11-12 02:24:37+00:00,2025-11-12 00:00:00+00:00,296.56497,286.6993,257.00537,81.25392,80.53775,115.20109,74.47583,86.63361,75.96373,84.55976,75.068535,85.23644,84.2895,77.00539,120.96369,241.92761,303.6901,168.69011,192.5288,195.35019,190.49142,190.08054,197.6502,194.38142,190.71307,162.47433,105.12406,97.59455,248.19853,147.99466,238.39255,221.63345,81.6342,118.072395,141.66663,153.09398,166.13895,163.79091,158.81857,172.52853,174.97601,221.63344,249.59003,238.39255,231.34016,227.86247,192.72435,156.3706,157.3801,180.0,32.471172,109.653915,93.012726,135.0001,95.7105,164.47583,168.11136,126.027466,90.0,64.79892,94.96966,129.80553,319.7637,265.60138,123.6901,44.999897,315.0001,301.60745,301.75943,300.06848,295.20108,288.43503,289.29013,319.39877,349.99207,30.256361,32.471172,34.9921,48.814175,48.366554,28.30066,37.875053,40.601215,29.744795,18.435053,25.016869,55.0079,44.999897,40.601215,347.00537,288.43503,253.30067,251.56496,233.13002,201.80147,154.98314,120.963684,87.13766,83.29026,97.12492,105.52418,96.70974,109.440125,99.46225,109.290146,96.70974,97.59455,93.814,81.86999,77.00539,73.300674,119.05451,153.43501,176.98727,161.56496,162.12122,158.5522,156.2505,149.03632,139.08571,128.15727,122.00535,121.42952,120.96369,116.56499,112.61991,110.55612,110.854546,111.25058,110.55613,109.290146,107.10281,105.42222,100.88548,90.0,82.40546,94.08554,111.801476,120.963684,123.690094,119.05451,108.43504,59.03632,33.6901,28.610369,44.999897,90.0,116.56499,110.55613,82.875084,54.46224,32.005356,5.19435,355.60138,352.40543,353.29025,356.6336,15.945477,53.972538,77.90526,106.699326,168.69011,201.03758,224.9999,254.05453,266.186,251.56496,213.6901
2025-11-13 02:42:26+00:00,2025-11-13 00:00:00+00:00,184.96965,158.19853,270.0,349.69522,74.054535,99.78234,99.090195,104.03627,120.141304,102.5288,121.26367,126.528946,135.88132,142.59457,159.62349,152.04913,164.26793,146.12915,140.90614,175.23645,154.48618,153.43501,155.02612,172.53952,164.15686,217.95428,210.46547,204.14554,195.25517,191.30989,192.875,191.30989,202.24907,204.62355,114.775116,86.423744,113.198616,7.12493,266.82022,336.8014,304.82455,297.97937,284.93146,307.87503,333.43503,227.4896,40.601215,153.43501,279.86575,335.77228,15.524177,47.72637,29.357658,35.537766,41.63345,48.01287,25.346138,38.157276,73.300674,29.357658,14.743609,34.50859,22.833694,39.289394,26.564985,351.2539,304.69522,290.55612,275.44025,255.37909,244.7989,175.23645,136.63654,136.39711,139.89915,136.33215,150.06857,155.89777,139.53786,136.08084,119.05451,120.256355,160.34608,169.3804,150.2552,161.56496,157.06787,149.03632,136.33215,144.86572,146.3099,144.86572,135.0001,137.29063,149.03632,120.96369,102.09474,95.19434,59.03632,81.25392,155.55606,90.0,115.46331,110.13639,86.423744,82.40546,135.0001,135.0001,103.24053,116.56499,129.47243,138.91835,126.027466,124.04598,117.69938,121.42952,132.95459,141.34016,143.13002,140.90616,138.01286,133.72705,119.05451,94.08554,72.89719,63.435013,53.972538,41.185837,14.036275,345.9637,348.6901,355.60138,4.085537,18.435053,41.63345,53.13002,44.999897,270.0,265.23645,270.0,275.7105,280.78424,281.3099,279.46225,282.09473,303.6901,30.963696,63.435013,68.96242,72.89719,77.00539,77.00539,75.96373,71.564964,67.3801,67.3801,63.435013,61.69934,61.92762,61.69934,59.03632,251.56496,246.80138,243.43501,243.43501,240.2552,233.13002,221.98714
2025-11-14 02:25:41+00:00,2025-11-14 00:00:00+00:00,145.84026,188.74608,213.6901,185.44025,112.61991,120.65059,102.33907,110.13639,98.42689,152.35411,101.3099,360.0,270.0,263.9911,228.81418,151.92761,360.0,180.0,177.27374,202.93213,219.80553,233.13002,216.86998,234.16226,249.44386,311.63345,2.4894993,17.650223,23.198618,23.198618,14.931467,63.435013,74.74483,247.61981,36.86999,22.249071,7.59456,36.86999,59.93151,63.435013,51.709793,243.43501,230.19447,219.09384,255.96373,270.0,265.23645,264.2895,144.46223,135.0001,124.3804,135.0001,145.49142,146.97614,139.89915,147.38077,163.61038,159.62349,155.69547,154.98314,155.55606,174.2895,160.0168,136.12321,126.528946,141.1155,152.92801,152.52565,142.88306,134.0609,132.0891,132.95459,152.87878,163.30067,156.50142,180.0,165.96373,144.63745,167.4712,164.74483,166.26372,149.30035,157.3801,149.03632,160.46326,126.86999,129.47243,141.63248,141.84273,145.78424,159.27437,164.87595,152.59251,142.69597,140.71062,135.0001,119.357666,99.46225,90.0,74.054535,360.0,255.96373,293.1986,280.30478,291.80148,284.03625,270.0,270.0,224.9999,213.6901,270.0,296.56497,243.43501,224.9999,209.7448,206.56499,204.77512,206.56499,216.02747,240.94548,262.8751,288.43503,53.13002,66.037506,63.435013,58.392544,57.264786,55.304783,53.972538,55.0079,65.55606,81.86999,86.186005,82.40546,71.564964,68.96242,81.86999,180.0,210.96368,217.56866,218.65984,219.09384,218.65984,211.60745,203.9625,135.0001,70.01681,60.64234,57.99466,52.431335,50.710617,50.710617,47.72637,47.72637,44.999897,44.999897,41.63345,37.875053,33.6901,26.564985,360.0,251.56496,239.0363,237.52882,239.0363,240.94548,229.39879,209.0545
2025-11-17 02:35:49+00:00,2025-11-17 00:00:00+00:00,159.77505,159.44388,160.76924,152.04913,173.23392,162.75845,158.38516,147.60017,157.30617,159.19313,161.56496,163.68607,176.33229,198.1528,180.95482,184.23631,182.4366,164.47583,185.31445,167.4712,159.62349,173.4803,142.76509,133.36346,158.62932,110.55613,98.42689,95.7105,107.10281,93.814,123.02387,128.65984,100.619606,249.44386,340.9064,319.63553,315.0001,340.0168,345.9637,70.01681,109.653915,56.309914,294.22772,294.14554,294.90472,289.1791,270.0,233.13002,208.07239,129.80553,84.2895,69.44387,77.4712,63.435013,32.471172,63.435013,39.805527,14.036275,206.56499,206.56499,63.435013,189.46225,135.0001,236.3099,180.0,180.0,194.03627,199.9832,201.03758,206.56499,218.65984,180.0,180.0,95.19434,85.60138,90.0,111.801476,120.96369,121.60746,85.03035,180.0,126.027466,140.19447,147.99466,125.21768,121.75944,116.56499,115.46331,113.198616,137.4896,148.39255,132.39738,137.4896,135.0001,116.56499,110.55613,251.56496,345.06854,7.4313188,26.564985,32.905247,34.69522,23.629398,38.157276,50.194473,44.999897,53.13002,73.61038,18.435053,41.185837,53.13002,72.89719,44.999897,243.43501,247.61981,245.77226,241.1893,232.59457,216.25392,186.70975,162.64589,135.0001,98.74608,75.068535,68.19853,65.22488,63.435013,67.3801,72.89719,77.00539,75.96373,70.01681,63.435013,55.0079,48.01287,44.999897,63.435013,189.46225,206.56499,210.96368,216.25392,222.70937,241.38963,290.55612,330.9455,360.0,49.398785,74.74483,85.23644,90.0,90.0,71.564964,44.999897,36.027473,36.027473,38.65983,44.999897,56.309914,63.435013,70.346085,81.86999,233.13002,239.74365,232.43134,224.9999,216.02747,220.60121,243.43501
2025-11-19 04:05:39+00:00,2025-11-19 00:00:00+00:00,173.99109,198.43504,344.05453,84.805664,105.945465,85.23644,104.03627,101.3099,99.090195,104.62092,107.10281,94.08554,101.3099,116.56499,122.00535,123.690094,270.0,255.96373,250.34608,243.43501,232.43134,224.9999,202.38017,180.0,192.26476,177.13765,171.86998,242.44727,168.11136,163.73972,156.80138,156.3706,164.74483,181.59111,192.26476,196.38962,204.5377,217.26648,207.97939,241.69934,275.7105,249.44386,281.3099,280.30478,280.1246,299.35767,290.55612,273.01273,276.3401,63.435013,56.309914,60.255207,51.842735,44.999897,51.709793,36.86999,34.9921,49.185013,41.63345,30.579157,53.13002,30.963696,26.564985,36.469334,36.38445,28.30066,318.81415,287.6502,299.0545,297.64587,299.24872,294.44394,303.6901,51.842735,74.74483,68.19853,63.435013,66.037506,59.03632,44.999897,30.256361,63.435013,26.564985,26.564985,66.037506,84.805664,78.6901,66.801384,71.564964,204.44394,197.35411,212.90524,235.30478,245.22488,241.69934,224.9999,180.0,98.74608,74.054535,68.96242,66.801384,70.346085,67.3801,63.435013,68.19853,53.13002,63.435013,55.304783,47.489597,60.255207,63.435013,61.69934,56.3099,296.56497,240.94548,241.38963,245.55606,248.19853,251.56496,249.44386,258.6901,26.564985,56.3099,59.03632,60.64234,59.03632,60.255207,60.255207,61.69934,61.69934,61.69934,58.392544,58.392544,58.392544,55.304783,53.972538,38.65983,270.0,255.96373,261.87,270.0,275.19434,264.2895,246.80138,224.9999,116.56499,68.19853,61.92762,60.64234,57.264786,56.309914,57.528828,61.389645,59.03632,52.124958,48.366554,44.999897,52.124958,56.3099,63.435013,63.435013,251.56496,250.0168,251.56496,254.74483,257.4712,262.8751,260.53775
2025-11-20 04:03:04+00:00,2025-11-20 00:00:00+00:00,195.52417,175.23645,110.55613,156.0375,140.90616,147.26479,150.64235,113.19862,123.690094,129.47243,138.36655,135.0001,136.97493,108.43504,112.833694,91.68465,116.56499,100.784256,116.56499,110.55612,103.57046,96.70974,329.03632,315.0001,329.42084,312.70938,251.56496,194.03627,74.054535,356.186,17.241547,1.3321922,355.9859,0.95482427,14.858671,51.546265,60.64234,356.26868,4.3159466,28.926332,65.32315,83.88459,62.17599,29.981556,22.380184,30.963696,43.36347,30.963696,21.161337,105.25517,84.2895,57.99466,61.189304,54.16227,39.805527,57.264786,55.304783,41.63345,52.124958,67.3801,57.99466,55.0079,71.564964,55.0079,44.999897,270.0,241.38963,235.30478,239.03632,235.30478,224.9999,228.81418,188.13002,101.3099,75.96373,68.19853,70.559875,68.19853,55.304783,59.03632,61.92762,61.92762,47.72637,57.264786,56.309914,65.22488,59.743652,55.0079,63.435013,251.56496,253.30067,262.40546,257.90524,257.90524,254.74483,257.4712,258.6901,59.03632,57.264786,59.03632,63.435013,66.37061,55.304783,57.264786,58.392544,68.96242,68.19853,44.999897,65.55606,38.65983,59.743652,59.03632,54.46224,270.0,259.69522,266.186,273.3664,279.46225,280.0079,278.13,276.3401,360.0,74.74483,78.11137,76.60749,75.25639,73.61038,79.380394,85.91447,90.0,78.6901,60.94549,48.814175,48.366554,50.710617,51.34017,36.86999,251.56496,248.96242,255.96373,270.0,276.70975,274.39862,254.05453,198.43504,111.801476,95.19434,86.186005,79.380394,70.346085,65.22488,67.3801,71.564964,73.300674,50.194473,7.12493,354.2895,12.528798,41.185837,60.94549,80.53775,165.96373,209.7448,228.81418,241.38963,248.96242,255.06853,262.40546
2025-11-21 04:02:35+00:00,2025-11-21 00:00:00+00:00,288.43503,170.53775,342.47433,312.5104,2.6025116,32.905247,44.999897,44.999897,16.858482,28.610369,345.06854,332.176,5.389229,18.853252,52.35232,353.9911,351.87,53.530666,332.52567,348.6901,344.21918,360.0,24.904745,17.198626,6.20336,30.762655,60.068577,267.13766,296.56497,285.94547,218.15727,236.3099,257.00537,261.87,282.5288,274.39862,248.19853,198.43504,243.43501,232.43134,239.74365,235.0079,244.98314,240.94548,239.9315,251.56496,249.77505,242.24155,224.9999,108.43504,83.29026,75.96373,69.44387,64.98315,60.255207,62.10283,67.61982,52.431335,60.255207,50.710617,57.528828,59.743652,55.0079,59.03632,60.94549,258.6901,250.0168,243.43501,255.96373,233.97253,248.19853,265.60138,194.03627,68.19853,59.03632,64.79892,66.37061,63.435013,71.564964,42.709366,66.037506,60.64234,63.435013,41.63345,32.471172,56.3099,50.710617,69.44387,44.999897,279.46225,273.814,276.70975,283.39252,266.186,289.9832,298.0724,305.53775,50.710617,71.564964,67.61982,55.304783,65.22488,51.34017,39.805527,40.236294,44.999897,32.73523,47.290634,30.963696,33.6901,32.905247,43.152412,34.50859,360.0,308.15726,289.29013,274.57382,267.70944,263.9911,258.6901,224.9999,71.564964,61.69934,57.094753,50.52757,41.185837,32.905247,32.005356,37.568665,44.999897,51.34017,61.389645,65.55606,68.19853,66.037506,74.054535,146.3099,206.56499,216.86998,219.80553,224.9999,232.12495,237.99466,251.56496,270.0,33.6901,60.94549,61.69934,58.392544,57.528828,52.124958,52.124958,55.0079,55.0079,59.03632,66.037506,69.44387,63.435013,60.94549,54.46224,18.435053,261.87,257.00537,255.06853,257.90524,255.96373,248.19853,234.46223
2025-11-22 03:59:45+00:00,2025-11-22 00:00:00+00:00,19.440128,50.59937,84.03561,199.65392,250.55988,233.13002,212.00534,240.2552,270.0,122.00535,360.0,352.87506,306.86996,264.80566,270.0,199.9832,213.6901,233.13002,240.2552,239.53453,242.10283,235.6196,231.34016,227.72638,218.65984,204.77512,212.73521,219.28938,203.19862,270.0,327.99466,26.564985,12.528798,33.6901,65.22488,48.01287,53.13002,75.068535,73.300674,71.564964,54.46224,360.0,255.96373,240.2552,243.43501,240.64233,239.03632,232.43134,235.0079,85.23644,52.431335,60.94549,55.491425,66.037506,59.03632,56.3099,56.3099,55.304783,53.13002,56.309914,48.01287,41.98713,55.0079,48.366554,44.999897,299.74478,266.186,279.46225,284.03625,290.22495,273.57626,289.44012,277.1249,52.124958,62.10283,72.47434,56.3099,59.53454,54.46224,40.236294,49.76371,40.236294,42.709366,49.398785,33.6901,43.02507,38.157276,51.34017,33.6901,360.0,299.74478,266.42374,235.30478,275.19434,247.3801,275.7105,360.0,81.86999,67.3801,66.801384,54.46224,44.999897,56.3099,57.264786,61.92762,50.194473,67.3801,82.40546,49.398785,44.999897,78.6901,44.999897,14.036275,239.0363,254.05453,258.6901,270.0,278.74606,279.46225,281.3099,285.94547,360.0,66.037506,70.346085,56.309914,28.610369,14.036275,29.054508,66.037506,90.0,90.0,75.96373,56.309914,60.255207,68.19853,71.564964,90.0,246.80138,246.80138,244.98314,239.74365,232.12495,219.80553,168.69011,120.96369,97.12492,79.69521,75.96373,80.53775,90.0,100.30479,105.25517,111.801476,106.699326,84.2895,59.03632,44.999897,39.289394,30.963696,20.556128,333.43503,234.46223,250.34608,292.93213,310.36444,316.16904,318.57642,321.9529
2025-11-23 04:47:40+00:00,2025-11-23 00:00:00+00:00,216.25392,232.43134,218.65984,195.94547,248.19853,224.9999,197.10281,97.12492,52.431335,53.13002,49.398785,12.99463,351.87,30.256361,345.9637,344.05453,21.801476,56.3099,224.9999,248.74942,246.3706,241.38963,236.3099,233.97253,250.0168,277.1249,21.801476,70.01681,70.346085,35.537766,354.2895,360.0,26.564985,52.124958,18.435053,355.23645,354.2895,18.435053,32.471172,36.027473,4.398633,352.87506,284.03625,262.8751,263.6599,287.52567,315.0001,319.7637,306.02747,36.86998,51.842735,61.92762,56.3099,49.398785,63.435013,49.398785,66.37061,47.72637,53.13002,68.96242,53.972538,53.972538,44.999897,50.194473,51.34017,306.86996,260.53775,241.92761,248.19853,254.05453,243.43501,243.43501,153.43501,85.23644,74.47583,66.37061,61.92762,67.61982,63.435013,58.392544,54.46224,56.309914,65.22488,47.489597,63.435013,57.528828,52.124958,65.55606,61.389645,293.1986,255.96373,262.40546,265.91446,265.60138,270.0,264.2895,255.96373,52.124958,60.255207,61.92762,68.19853,66.801384,44.999897,70.559875,65.22488,59.743652,32.471172,68.19853,75.96373,44.999897,24.443953,50.194473,61.389645,300.96368,251.56496,257.00537,274.39862,285.25516,288.43503,291.80148,333.43503,44.999897,59.03632,60.255207,63.435013,67.3801,70.01681,65.55606,58.392544,55.304783,59.743652,70.01681,84.2895,90.0,90.0,94.76356,110.55613,158.19853,195.94547,198.43504,191.30989,185.19434,190.3048,196.69933,200.55612,168.69011,98.13002,74.74483,65.22488,57.264786,54.46224,57.264786,66.801384,74.054535,81.86999,94.08554,98.74608,101.3099,99.46225,90.0,315.0001,281.3099,276.3401,266.42374,258.6901,258.31067,263.41815,273.17978
