forecast_day,time_of_1h,1h,2h,3h,4h,5h,6h,7h,8h,9h,10h,11h,12h,13h,14h,15h,16h,17h,18h,19h,20h,21h,22h,23h,24h,25h,26h,27h,28h,29h,30h,31h,32h,33h,34h,35h,36h,37h,38h,39h,40h,41h,42h,43h,44h,45h,46h,47h,48h,49h,50h,51h,52h,53h,54h,55h,56h,57h,58h,59h,60h,61h,62h,63h,64h,65h,66h,67h,68h,69h,70h,71h,72h,73h,74h,75h,76h,77h,78h,79h,80h,81h,82h,83h,84h,85h,86h,87h,88h,89h,90h,91h,92h,93h,94h,95h,96h,97h,98h,99h,100h,101h,102h,103h,104h,105h,106h,107h,108h,109h,110h,111h,112h,113h,114h,115h,116h,117h,118h,119h,120h,121h,122h,123h,124h,125h,126h,127h,128h,129h,130h,131h,132h,133h,134h,135h,136h,137h,138h,139h,140h,141h,142h,143h,144h,145h,146h,147h,148h,149h,150h,151h,152h,153h,154h,155h,156h,157h,158h,159h,160h,161h,162h,163h,164h,165h,166h,167h,168h
2025-11-05 02:36:41+00:00,2025-11-05 00:00:00+00:00,995.7378,995.4084,994.9123,994.62067,995.30096,995.3196,993.7637,993.1898,992.6445,992.7317,992.5523,992.0464,991.8665,991.445,990.8948,988.9974,987.64667,986.26117,984.7443,983.68494,982.48126,981.67676,981.3663,981.41235,981.7624,982.0645,981.944,984.07574,986.0542,987.05835,987.7931,989.0465,990.0323,990.92975,991.67755,992.3954,993.5681,994.3979,995.189,996.0846,996.2741,995.6707,994.7505,994.2785,994.4731,994.6197,994.2366,994.2696,994.65186,994.6049,994.5749,994.5862,993.7578,993.12396,992.6023,992.1575,991.2366,990.7198,990.01917,989.32855,988.76575,988.2421,987.5009,986.5265,985.8461,984.4467,983.0874,981.77936,981.00964,980.26935,979.7797,979.5442,978.8906,978.3487,978.04285,977.96875,977.8156,977.2364,976.67084,976.8141,976.2572,976.3308,976.59937,976.6825,977.3016,977.8969,978.72406,979.17725,979.588,979.42267,979.48987,979.0389,979.69824,980.24915,980.98535,982.0679,982.35767,982.46655,983.0072,983.2653,983.11505,982.8868,982.3909,982.25494,981.67615,981.33575,981.10236,980.62604,980.5676,980.36176,979.94165,979.24713,978.72546,978.21844,978.61,979.5997,980.97876,982.3757,983.54846,984.65045,985.4883,986.06354,986.4737,986.80164,987.05237,987.221,987.482,987.7171,988.04376,988.47235,988.9981,989.529,990.1168,990.70715,991.3488,991.6815,991.58887,991.286,991.0446,991.14685,991.4085,991.74176,992.33105,992.99634,993.589,993.9467,994.14105,994.3252,994.3963,994.2678,994.23145,994.0976,994.0663,994.02936,994.1658,994.39923,994.6145,994.78815,994.9402,994.8578,994.21094,993.3285,992.69763,992.42096,992.40094,992.51605,992.8314,993.18536
2025-11-06 02:27:12+00:00,2025-11-06 00:00:00+00:00,981.18945,982.073,981.4095,983.83386,986.01685,987.1718,988.01556,988.80914,989.6799,990.62213,991.3061,992.5304,993.0938,994.05035,994.4068,994.99994,995.0088,994.5112,994.37396,993.99884,993.89685,993.1636,992.9718,993.5895,994.56134,994.4048,993.3704,992.8964,992.375,991.93585,991.04565,990.5447,989.92096,989.0208,988.24316,987.7317,987.2153,986.896,985.7454,985.0428,984.289,982.7904,981.3421,980.13495,978.95776,977.3193,976.11725,976.11414,976.2626,980.4015,979.9798,979.6825,979.6966,979.0987,979.502,979.49243,979.4317,979.13495,979.2919,979.6764,980.1462,981.0619,981.5182,981.8313,981.96277,981.65424,981.20764,981.28284,981.4685,981.904,981.977,983.03613,983.3637,983.3352,983.46313,983.41046,983.0661,982.809,982.5467,982.3278,981.84155,981.1608,980.271,979.7311,979.8132,980.0156,979.52893,978.96954,978.5241,977.6453,977.3968,978.0791,979.71704,980.94824,981.95435,982.7648,983.6844,983.19806,984.00415,984.2859,984.0719,983.6484,984.15234,984.10736,983.4958,983.4048,983.5889,983.748,983.77356,984.5305,984.26324,984.0673,983.64606,983.0727,982.9359,983.0702,983.36835,983.68115,983.7276,983.68665,984.0394,985.07275,986.39685,987.4296,987.6692,987.612,987.5805,987.7802,988.00555,988.3129,988.8645,989.50244,990.10126,990.61,991.0778,991.32874,991.2557,990.87555,990.6437,990.5564,990.6188,990.66077,990.6524,990.71484,990.6382,990.37714,989.98285,989.4707,988.9177,988.34467,987.74615,987.1945,986.61743,986.1572,985.8095,985.6812,985.4565,985.388,985.30756,985.0064,984.3696,983.51074,982.95465,982.76,982.7695,982.93536,983.3352,983.8931
2025-11-07 02:25:32+00:00,2025-11-07 00:00:00+00:00,992.5867,992.3527,993.2808,992.5751,991.56537,991.34094,990.508,990.31354,990.3755,989.67975,988.92865,988.19226,987.40967,986.2529,984.86536,984.8011,983.71893,982.60504,981.4531,980.93195,979.8744,978.7093,977.68384,977.9209,978.3983,978.15314,976.99005,976.7861,976.81445,977.2544,977.32367,977.15704,977.852,978.2998,978.5941,979.7825,980.9654,981.5763,981.785,982.2127,982.42584,982.45306,982.2429,982.3246,982.714,982.6641,982.94037,983.1903,984.0776,984.8899,985.3328,985.1968,984.769,984.3459,984.2192,983.50446,983.4068,983.0523,983.0622,982.47864,982.1819,982.1907,981.80475,981.66113,981.46234,980.9441,980.22504,980.33575,980.87537,981.49817,982.1206,983.01404,983.359,983.95575,983.689,985.08,984.5741,984.3157,983.68115,984.93005,984.20465,985.3361,985.3073,985.7222,986.4591,987.07263,987.4091,987.3403,987.37286,987.2853,987.13354,987.2259,987.697,988.1032,988.6891,989.6712,990.6789,990.8877,991.3267,991.4796,991.5348,991.7947,992.05994,992.36743,992.3434,992.65045,993.2129,993.5908,994.24475,994.95337,995.0319,994.90936,994.7943,993.78235,992.7189,992.1942,991.71796,991.1776,990.606,989.9618,989.4052,988.8274,988.3407,987.83344,987.4748,987.0959,986.702,986.1756,985.6294,985.1949,985.0522,984.9242,984.9033,984.86755,984.7298,984.4388,983.84845,983.1121,982.5002,982.19434,982.0234,982.0233,982.198,982.54266,982.92914,983.28937,983.5909,983.88727,984.1745,984.46124,984.7243,985.05554,985.3621,985.77515,986.3772,987.1784,987.83405,988.4719,988.96454,989.1646,988.6785,987.8996,987.2763,987.0914,987.15967,987.3889,987.7643,988.29846
2025-11-08 02:14:50+00:00,2025-11-08 00:00:00+00:00,978.0457,977.7262,977.80054,977.7824,978.1118,977.3935,977.1108,977.40735,977.96344,978.287,978.874,979.6929,981.0118,981.81146,982.56055,982.6714,983.1844,982.2498,981.64935,981.99054,982.38,982.4103,982.731,983.2557,983.8622,983.74963,983.4892,983.54834,983.59357,982.7627,981.51416,980.9846,980.74677,980.0561,979.1762,978.841,978.6221,978.2757,977.5041,976.745,976.26636,975.4531,974.799,975.113,976.2532,976.8421,977.70197,978.703,979.46796,982.692,983.2656,982.8805,983.7158,983.51636,983.0055,983.16986,983.1925,982.6864,982.512,982.5504,983.1698,983.732,983.93494,983.6361,983.7207,983.1721,982.9528,983.1801,983.78076,984.34033,984.7302,985.2919,985.3009,984.7419,984.48505,984.28015,984.2114,984.1435,984.7089,985.7219,986.5878,986.8555,986.89984,986.8946,987.2705,987.6586,987.9216,987.8962,987.9054,987.43756,987.4926,987.8092,988.1682,988.2827,988.59186,988.99615,989.31836,988.9598,988.8573,988.15704,987.4974,986.9548,986.0899,985.6088,984.6839,984.0447,983.68665,983.0776,982.87823,982.6613,982.25397,980.9512,980.442,979.4093,978.67285,978.56146,978.76917,979.069,979.56256,980.24536,980.85394,981.2239,981.4279,981.70056,982.0069,982.3756,982.6662,982.98566,983.3194,983.6684,984.11945,984.68243,985.18866,985.76495,986.27844,986.49396,986.10095,985.5031,985.06525,985.06525,985.2259,985.5616,986.0669,986.6444,987.1485,987.4976,987.8666,988.13306,988.3898,988.5441,988.78534,989.0059,989.31836,989.6404,990.0595,990.49365,990.9033,991.4413,991.95654,992.0545,991.60986,990.74536,990.0402,989.6849,989.48566,989.4177,989.7326,990.1747
2025-11-09 02:36:08+00:00,2025-11-09 00:00:00+00:00,983.33435,982.69836,983.6146,982.1294,982.9477,982.94305,982.6559,981.81555,981.71826,981.5632,981.6076,981.2723,981.31604,981.5682,981.12274,980.46564,980.0787,979.9044,978.8572,978.11774,977.47504,977.9117,977.9262,978.46844,979.07495,979.5079,979.5052,979.86066,980.4442,980.01196,979.9588,980.1296,980.47876,980.65186,980.7392,981.0357,981.3768,981.9281,982.1003,982.60614,982.8253,982.3244,982.2996,982.2469,982.70825,982.74084,983.1418,983.83356,984.7345,984.54034,984.7645,984.8046,984.4818,984.6972,985.0302,985.64276,985.84503,985.98126,986.29034,986.56586,987.0835,987.53326,987.7728,987.7937,987.91046,987.5248,987.2733,987.58484,988.1081,988.4834,988.89374,989.2821,989.41974,989.3867,989.4025,989.1422,988.6122,987.77356,987.0779,987.58936,986.8724,985.87036,984.91406,984.326,984.3722,984.1763,983.94495,983.2322,982.3124,981.1829,980.85925,980.6462,981.0669,981.90674,982.6578,983.71814,984.49133,985.00726,985.37177,985.41547,985.2356,985.3567,985.7888,986.65735,986.8844,987.3874,987.7368,987.7309,988.16656,988.8587,989.24634,989.22815,988.9936,987.9218,987.4829,987.38104,987.61566,987.83093,988.2161,988.5764,988.9596,989.1871,989.23987,989.38965,989.5243,989.65356,989.79755,989.86456,990.0336,990.2028,990.52045,990.8325,991.23157,991.6965,992.24896,992.37897,991.96063,991.21515,990.61053,990.4256,990.3779,990.574,991.0761,991.8125,992.3856,992.6429,992.7457,992.6688,992.515,992.279,992.0485,991.9048,991.8628,991.92346,992.15717,992.40137,992.6482,992.77527,992.7961,992.59033,991.8345,990.75415,989.8035,989.1512,988.6315,988.268,988.03625,987.95374
2025-11-10 02:27:19+00:00,2025-11-10 00:00:00+00:00,979.8029,980.3592,980.34753,981.49347,981.72406,981.525,981.81635,981.17255,981.1706,980.5992,980.53894,980.9796,982.0184,982.57367,982.19745,982.6655,983.09906,982.61285,982.6178,982.977,983.6805,983.95966,984.3863,984.66315,985.3792,985.70605,985.62317,985.8886,985.8485,985.8383,985.6682,985.5161,986.1221,986.68915,987.3691,988.04364,988.7236,989.13965,988.871,989.25635,989.4096,988.8351,988.7933,988.97754,989.0548,988.8099,988.87787,989.00586,989.318,989.0295,988.86975,988.1445,987.73755,987.1496,986.7608,986.2389,985.359,984.5857,984.00793,983.3384,983.2254,983.65576,982.85223,982.45233,982.1678,981.25183,980.7888,980.75116,981.278,982.1126,982.8868,983.9761,984.3696,984.4609,984.6483,984.64343,984.7506,985.6372,986.3409,986.94904,987.26337,987.6085,987.9824,988.44824,989.45636,990.31885,990.77594,990.72485,990.5751,989.6945,989.2808,989.29974,989.6792,989.9816,990.5304,991.35925,991.8727,992.099,992.54474,992.6785,992.6176,992.88385,992.86316,993.1294,992.8888,993.0013,993.29285,993.3238,994.0399,994.4272,994.069,993.67773,993.12103,991.6095,990.4432,989.5814,988.75616,988.2966,988.30383,988.48645,988.59485,988.3473,988.0267,987.623,987.24854,986.893,986.8247,987.14075,987.646,988.19617,988.82916,989.60565,990.2698,991.00494,991.72675,992.0534,991.8634,991.3716,990.93286,990.73364,990.6856,990.77905,991.16785,991.7854,992.16724,992.2751,992.2445,992.1266,991.9935,991.7685,991.5688,991.30817,990.9755,990.63306,990.1623,989.67633,989.31274,989.1791,989.1675,988.7664,987.7814,986.5039,985.31335,984.2096,983.0959,982.22546,981.7638,981.5447
2025-11-11 02:17:24+00:00,2025-11-11 00:00:00+00:00,984.433,985.9265,985.282,984.9594,985.88983,985.56726,985.2901,985.243,985.89966,986.1647,986.4561,986.8728,987.9253,988.27594,988.48755,989.10803,988.9648,988.20667,988.3441,988.6609,989.2342,989.2707,989.2411,989.5379,989.81915,989.1233,988.3305,987.8907,987.2659,986.98956,986.30914,985.5418,984.6881,983.5633,982.8269,982.4177,982.15186,982.09753,982.1619,982.7594,983.0688,982.3478,981.61224,981.7545,982.69885,983.15686,983.2464,983.11475,983.5951,985.3571,985.5809,985.6684,985.8332,986.70184,987.32306,988.14,988.3304,988.5511,988.9345,988.8629,989.4101,990.1511,990.5058,990.1958,990.0683,988.91864,988.3872,988.3182,988.5674,988.6571,989.0091,989.7128,990.03265,990.1726,990.71094,990.43634,990.36584,990.31525,990.45886,990.82745,990.52545,990.894,990.894,990.7712,991.6253,992.2431,992.4175,992.27234,991.82886,990.63434,989.92706,989.65875,989.7183,989.9744,990.322,990.7659,991.2493,991.4654,991.9777,992.30566,992.35187,992.40283,992.5559,992.90375,992.75995,992.72363,993.08105,993.1572,993.61176,994.23413,994.24274,994.07404,993.41504,992.3203,991.6922,991.13715,990.6221,990.25354,990.20074,990.1941,990.23987,990.0927,989.9033,989.6166,989.1156,988.5169,987.9439,987.3131,986.60956,985.9783,985.35547,984.8052,984.18866,983.6063,982.94495,982.1187,981.08344,979.88916,978.91455,978.2242,977.7469,977.56116,977.6716,977.9668,978.2003,978.3066,978.4445,978.46704,978.4535,978.5148,978.67346,978.9337,979.38434,980.01544,981.0082,982.2782,983.38556,984.437,985.5166,986.1381,986.2263,985.8552,985.73376,985.93774,986.2904,986.78723,987.38916,988.13074
2025-11-12 02:20:09+00:00,2025-11-12 00:00:00+00:00,988.044,987.4962,986.934,985.9368,986.7597,986.51886,985.62866,985.10236,984.3044,983.4661,982.4483,982.0646,981.73254,981.95514,982.10364,982.243,982.22437,981.31726,981.0301,981.1555,981.5447,981.77563,981.92236,982.09393,982.8865,983.14825,983.56036,984.7351,985.5802,985.4948,985.15295,985.4796,986.3244,986.81616,987.14905,987.72723,988.4944,988.9021,989.3037,989.75287,990.0736,989.7472,989.79047,990.00903,990.39813,990.6276,990.99243,991.27136,991.8621,992.0271,992.18115,992.3503,992.01843,992.15686,992.5254,992.8888,992.64343,992.72504,992.8122,992.81726,993.201,993.5219,993.4341,992.80164,992.37616,991.0755,989.8172,988.87256,988.5946,988.3809,988.25665,988.51514,988.4887,988.18164,987.92804,987.7336,987.5045,987.43024,987.28326,987.2282,987.08093,987.0505,986.9281,986.90784,987.379,987.697,987.6086,987.13574,986.2372,984.9657,983.39905,982.46075,981.63916,981.1225,980.68384,979.99835,979.6263,979.10944,978.1887,977.4961,976.54553,975.8555,975.35956,974.9671,974.329,973.83344,973.39,973.42163,973.53046,973.88135,973.97864,974.24084,974.66437,974.4742,974.17096,974.41864,974.82495,975.389,976.1005,976.9722,977.7759,978.4451,979.04456,979.6532,980.06195,980.47504,980.89264,981.4122,981.9312,982.5619,983.27954,984.09924,984.8971,985.62054,986.31445,986.6022,986.2746,985.5469,984.96,984.79834,984.78406,984.9365,985.14795,985.5298,985.9156,986.32465,986.8405,986.9666,986.6935,986.0311,985.4807,985.0571,984.74066,984.3365,983.83057,983.32477,983.0278,983.048,983.2774,983.20483,982.3497,981.1929,980.692,981.3179,982.4968,983.80255,985.06104,986.2476
2025-11-13 02:38:09+00:00,2025-11-13 00:00:00+00:00,983.29877,983.84235,983.75134,985.43445,986.0603,986.59436,986.37006,986.0961,986.2306,987.27966,987.91504,988.0587,988.2635,988.7908,989.35876,989.563,990.00903,990.28033,989.82697,989.7536,990.59125,990.82104,991.0901,991.73114,992.3309,992.5676,992.18567,992.4017,992.3204,992.561,992.5097,992.6579,992.9796,993.11816,993.25134,993.7475,994.23883,994.2386,994.1031,994.00793,993.78845,992.5911,991.6162,991.18665,990.9044,990.16656,989.21277,988.8725,988.862,990.0903,990.07025,989.801,989.0853,988.47174,988.44183,987.87854,987.39246,987.0757,986.94836,986.5496,986.5697,986.8916,986.4415,985.72437,984.804,983.51794,981.8843,980.6564,979.5972,978.9675,977.9681,977.6675,976.6432,975.98975,975.06323,974.26074,973.66394,972.9977,972.2143,972.0946,971.2712,970.6121,970.21814,969.5456,969.2225,970.1149,971.48865,972.23535,972.8251,972.7963,973.12964,973.3392,974.0253,974.69244,975.8161,976.96356,977.796,978.5883,979.1083,979.45276,979.3309,979.7049,980.0691,980.7147,981.05383,981.4124,981.9505,982.65753,983.28217,984.1494,984.5776,984.82715,985.0845,984.12524,983.71967,983.84076,984.20605,984.6258,985.15753,985.8332,986.3807,986.8867,987.2673,987.69543,988.0057,988.26544,988.5541,989.005,989.4807,989.8546,990.08,990.198,990.4846,991.1901,992.0571,992.51825,992.3496,991.86383,991.5426,991.567,991.74677,992.0095,992.5397,993.15204,993.779,994.2501,994.74146,995.0959,995.181,995.12775,995.10376,995.1344,995.2931,995.46204,995.80945,996.2698,996.70496,997.26263,997.7962,997.91266,997.30084,996.27875,995.4942,995.23083,995.2071,995.31537,995.5161,995.84406
2025-11-14 02:21:03+00:00,2025-11-14 00:00:00+00:00,990.4965,990.5878,990.98474,991.51306,991.63763,991.67755,991.4952,991.43994,992.4319,993.3018,992.9798,993.7422,994.3154,995.09546,995.1115,995.07776,994.7424,993.53516,992.63196,992.5365,991.7815,990.48376,989.43964,989.3831,989.8158,989.6069,988.1233,987.2677,986.6357,986.4798,986.0812,986.0035,985.3663,984.78754,984.3452,984.64197,984.5497,984.2326,983.23505,982.56055,981.79425,980.76416,979.6364,978.4813,977.76886,976.71985,976.0462,975.0282,974.6118,974.049,973.1207,971.9526,971.33813,970.88617,970.17786,969.63715,969.0305,968.999,969.11194,969.65045,970.4579,971.463,972.4779,973.0429,973.2239,972.8668,972.8207,973.04755,973.46875,974.14374,974.7506,976.0259,976.93567,977.47046,977.8637,978.2466,978.3766,978.71063,979.05444,979.685,980.01807,980.3869,980.85767,981.2309,981.8961,982.84546,983.41425,983.9119,984.2192,983.811,983.6844,983.8054,984.67126,985.3571,986.1315,986.99023,987.9881,988.413,988.7608,989.0214,989.40515,989.7276,989.794,990.22314,990.1664,990.75964,991.49677,991.79944,992.86316,992.65344,992.86316,992.93976,992.83636,992.1618,991.84216,991.702,991.72675,991.9938,992.48346,993.2187,993.8754,994.28534,994.6127,994.8532,995.09314,995.3436,995.59344,995.8487,996.2061,996.5635,996.98627,997.4089,997.92645,998.5192,999.20685,999.357,998.73865,997.68976,996.9751,996.7854,996.9358,997.0521,997.2203,997.3574,997.528,997.6566,997.72327,997.71796,997.6515,997.51807,997.3689,997.18475,996.9853,996.8881,996.8881,996.98,997.0004,997.06573,997.24304,997.0931,996.58215,995.8368,995.20325,994.6971,994.3033,993.91437,993.6227,993.33105
2025-11-17 02:30:27+00:00,2025-11-17 00:00:00+00:00,977.8979,977.4554,977.69324,978.8984,979.41766,979.06146,978.9267,979.4446,980.5655,981.41486,981.8857,982.8885,983.36414,984.4269,984.9046,985.5823,985.96814,985.75024,985.60455,985.8235,986.9225,987.1704,987.56665,988.6139,989.5775,990.04913,989.7067,989.9419,990.16144,990.50366,990.54913,991.01935,991.4026,991.67645,991.7704,992.51917,993.2309,993.57837,993.7729,993.92163,994.0257,993.4916,993.0103,993.2576,993.5348,992.5726,992.0315,991.3007,991.29565,992.0806,991.4259,991.25183,991.15955,990.7758,990.2079,990.4842,990.643,991.20514,991.08264,991.79364,992.46375,993.0724,994.03827,994.2732,994.3434,993.7125,993.413,993.1758,993.38995,993.662,993.70746,994.5054,994.87933,994.7673,994.9618,994.56793,994.2811,994.09143,993.8047,994.0964,993.7125,993.72253,993.533,993.73254,993.74255,993.67004,994.2107,994.3869,994.0617,993.4826,992.94086,992.535,992.3073,992.1147,992.25757,992.30145,992.94275,992.60693,992.4753,992.64514,991.88184,991.1665,990.8948,990.3886,989.9124,988.96954,988.26013,987.8031,987.526,987.2876,986.5677,986.13403,985.69855,984.9318,984.4968,984.2471,984.0667,984.0713,984.26135,984.539,984.8076,984.96,985.0102,984.95844,984.8136,984.5713,984.3437,984.2271,984.12524,984.11066,984.1886,984.3593,984.5201,984.7589,985.0849,985.14307,984.8564,984.30194,983.83514,983.5338,983.2275,983.208,983.5871,984.0587,984.5354,984.71533,984.79767,984.8853,984.97754,985.07477,985.177,985.18195,985.18665,985.28894,985.4784,985.77014,986.10095,986.41724,986.7756,986.9135,986.61884,986.0032,985.5589,985.3875,985.4756,985.61395,986.04254,986.51855
2025-11-19 04:01:01+00:00,2025-11-19 00:00:00+00:00,991.1681,990.37054,990.45245,989.5007,988.3644,988.50665,988.50665,987.3848,987.80853,987.81354,988.1726,989.46136,989.9998,990.127,990.77026,991.0444,990.8069,991.0947,991.0708,991.6152,992.1162,992.3545,992.0661,992.8221,994.036,994.47205,994.26544,994.3828,993.9688,994.25543,993.4676,993.17596,993.47266,993.3704,992.9614,993.3254,993.6993,993.9859,993.6121,993.6471,993.78937,992.85205,992.09393,991.61273,991.69995,991.88477,991.67035,992.0492,992.53534,992.8315,992.64136,992.4753,992.47034,992.15894,991.75,991.6907,991.28174,990.98004,990.7429,990.70996,990.3343,989.7622,990.0836,990.08136,989.787,988.5977,987.6444,986.5308,986.0093,985.83405,985.21704,985.32825,984.8658,984.4767,984.01373,983.14276,982.5041,982.05963,981.68964,981.51355,981.0548,980.5448,980.49817,980.0351,980.7348,980.63745,980.559,980.42926,980.28455,979.1911,978.94183,979.9195,981.1546,982.45703,983.86896,985.3546,986.8281,987.8839,988.59485,989.2815,989.5381,989.9304,990.4443,990.88043,991.229,991.3732,991.54236,992.0081,992.94977,993.6545,994.27313,994.5383,994.19324,993.3506,992.95514,992.4925,992.1815,992.02216,992.08704,992.306,992.55756,992.6827,992.8474,992.9199,992.8027,992.501,992.39374,992.3837,992.47095,992.6554,993.0144,993.3678,993.80206,994.1713,994.41705,994.52765,994.1843,993.7095,993.18195,992.6859,992.2308,991.95123,992.1243,992.4714,992.74896,992.79736,992.6805,992.47125,992.05286,991.43994,991.0313,990.9241,991.0166,991.10895,991.2638,991.51587,991.8275,992.3547,992.84576,993.11633,992.7487,991.9674,991.52765,991.51825,991.66125,991.9797,992.3714,992.9425
2025-11-20 03:58:51+00:00,2025-11-20 00:00:00+00:00,994.7015,995.24976,995.32196,994.24255,994.14526,994.24255,994.5342,993.6492,993.4548,993.7514,994.2375,994.6263,994.51886,993.4548,993.02374,993.4055,992.7317,992.5337,992.286,991.78516,991.3471,991.4579,991.52057,991.5978,991.8797,991.6803,991.0919,991.09686,991.09686,991.0919,990.9997,990.41626,990.0323,989.43396,988.9852,989.31433,989.86774,989.9998,990.2991,990.5298,990.346,989.3977,988.6868,988.1561,988.18463,987.3825,987.1895,987.15564,987.2969,984.29877,983.8124,982.85834,982.1086,981.3679,980.9201,980.5312,980.1648,980.1964,980.8685,981.6244,982.8979,983.7596,984.3763,985.2832,984.95575,985.3257,985.30676,985.7129,986.58374,987.4804,988.1922,989.3058,990.58307,991.4365,991.9399,992.35535,992.70386,993.0624,992.6279,993.1755,993.2317,993.4004,993.46686,993.73254,994.39246,995.1244,995.495,995.5391,995.2388,994.21173,993.43195,992.90045,992.744,992.6155,992.6905,993.268,993.5103,993.917,993.9544,993.93933,994.01654,994.08875,994.18097,994.0687,994.1455,994.2178,994.1974,994.66846,995.2517,995.6794,996.1622,996.2988,996.2773,995.48456,994.6557,994.4376,994.3481,994.43835,994.70795,995.0589,995.2533,995.2191,995.1219,994.8347,994.43604,993.84753,993.3515,992.95276,992.74365,992.4368,992.22296,992.101,991.7993,991.41534,990.8565,990.31696,989.7338,989.0812,988.4768,987.98114,987.54407,987.40356,987.5885,988.0698,988.46857,988.69214,988.7257,988.83734,988.90094,988.9453,989.1013,989.3007,989.6166,989.92303,990.3947,990.85706,991.3674,991.95026,992.57074,992.81,992.5708,992.0423,991.55005,991.258,991.101,991.12036,991.5096,992.074
2025-11-21 03:58:10+00:00,2025-11-21 00:00:00+00:00,991.2737,991.6726,991.6875,991.2837,990.027,990.83124,990.6986,990.177,989.6654,988.87787,989.25635,989.59924,988.89844,988.6427,989.0127,989.3825,989.02295,988.66144,987.9691,987.8264,987.2523,987.11237,986.751,986.59625,986.73267,986.36285,986.07605,986.1099,985.9738,985.2786,984.6855,984.35486,984.7148,984.20435,984.7733,985.44415,986.514,986.99554,987.7685,988.4543,988.8529,988.48834,987.94336,987.8847,988.6582,988.66327,988.65265,989.3019,989.9849,989.6437,990.15753,990.20483,990.25684,990.51324,990.5856,990.7497,990.33026,990.7141,990.88324,990.9602,991.2262,991.9515,992.2065,992.13116,991.7316,990.55133,989.8359,989.2248,989.1599,989.37616,989.70416,990.2444,991.1286,991.5555,991.80756,991.9673,992.0596,992.93964,993.0022,993.3511,993.5977,993.75665,994.11017,994.55585,995.32355,995.92096,996.57947,996.8048,996.7988,995.9737,995.29456,994.90533,994.5993,994.91516,994.80115,995.04785,995.44507,995.69226,995.29834,995.77155,995.2707,994.8419,994.5552,994.90436,994.9966,994.00916,993.9568,993.78,993.523,993.5778,993.258,992.97253,991.17285,990.9396,990.6432,990.1222,989.61554,989.4593,989.6985,990.1905,990.52655,990.6721,990.75885,990.8116,990.9775,991.2019,991.3481,991.52826,991.7275,991.92694,992.029,992.03394,992.063,992.2231,992.40656,992.38556,991.87305,991.0585,990.3131,989.71515,989.1862,988.75946,988.6338,988.61005,988.40625,987.74384,986.7994,985.85443,984.891,983.91797,982.8569,981.80975,980.7675,979.8176,978.7841,977.7507,977.6348,979.164,981.506,983.2256,983.61005,983.3659,983.3852,984.11554,985.2009,986.27155,987.5205,988.85583
2025-11-22 03:55:36+00:00,2025-11-22 00:00:00+00:00,985.9834,985.66284,985.53595,984.83575,984.3253,983.7225,982.9394,982.5553,981.79645,981.61633,982.506,982.4964,982.9827,983.3767,983.97,984.95306,985.2591,985.1957,985.1707,985.5392,985.87854,986.08435,986.4209,986.95605,987.9632,988.4631,988.35443,988.8531,988.7883,988.54846,987.925,988.36066,988.2227,988.499,987.8034,987.70123,987.76794,987.4504,987.2203,987.5056,987.68054,987.08716,986.84827,987.039,987.47687,987.4426,987.6689,988.46423,989.57104,990.73535,991.36237,991.9444,992.42377,993.0044,992.98016,993.6049,994.1524,994.53625,995.1448,995.59015,996.32654,997.0427,997.64667,997.6848,997.5393,996.82263,996.1588,995.7839,995.95013,995.934,995.78284,996.0633,996.04614,995.8218,995.7716,995.5583,995.6405,995.495,995.38275,995.55206,994.8311,994.5294,994.27826,994.4927,994.7743,993.8722,993.59753,994.2997,993.33215,991.63947,990.5358,990.1687,990.02405,989.66486,989.8401,990.1811,990.5556,990.3756,990.1518,990.414,990.0353,989.96735,990.25354,990.2784,989.9476,989.6852,989.6219,989.62683,990.0353,989.9327,989.6939,989.79895,988.9634,988.0936,987.1022,986.5275,986.19867,986.0408,986.33624,986.8069,987.21216,987.30023,987.3238,987.3431,987.33813,987.426,987.426,987.3524,987.2883,987.1961,987.23145,987.23804,987.2774,987.38434,987.43256,987.1836,986.3463,985.21216,984.3554,983.86896,983.5632,983.409,983.5812,984.0055,984.35016,984.54816,984.76544,984.79785,984.5382,984.1914,983.9564,984.0388,984.4223,984.87787,985.661,986.70917,987.52673,988.1565,988.64825,988.9448,988.9392,988.73346,988.7786,989.2445,989.96674,990.77075,991.56903,992.3566
2025-11-23 04:43:17+00:00,2025-11-23 00:00:00+00:00,987.69507,988.3644,988.6013,988.79834,989.157,988.3793,988.22656,988.81525,988.60645,988.57104,988.18225,988.8627,989.5479,989.2558,988.399,988.56604,989.01556,988.7308,988.3746,988.4672,988.83734,988.64545,989.07666,989.5044,990.3537,990.90735,990.9148,991.70483,992.33466,992.5242,992.6064,993.0102,993.32715,993.5467,993.81903,994.2843,995.02576,995.57874,995.8682,996.16656,996.63434,996.2688,995.5959,995.04065,995.25903,994.89105,994.2316,994.06036,994.1954,995.54517,995.4298,995.19324,994.5548,994.4255,994.2762,994.625,994.16895,993.6949,992.78265,992.16925,991.96985,992.4685,992.244,991.9573,990.96533,989.342,988.62366,988.0217,987.89465,987.39246,987.09717,987.0497,987.44324,987.5835,987.4497,987.2504,987.09595,987.15,987.0817,987.394,987.30023,987.02264,986.9268,986.6985,986.7957,987.15967,987.35956,987.16254,986.4485,985.1073,983.9187,982.8973,982.1348,981.7719,981.64795,981.6238,981.8875,981.49835,981.92957,983.4136,983.947,984.6799,985.2664,986.18365,986.3131,985.97125,986.5847,987.69653,988.58167,988.8888,989.3336,989.71185,989.5579,988.76337,988.3427,988.13837,988.1954,988.3294,988.72955,989.3031,989.7988,989.9366,989.9922,990.05316,990.3029,990.5526,990.9048,991.1647,991.42456,991.79193,992.2515,992.81836,993.3307,993.8141,994.34424,994.66833,994.5924,994.41296,994.2896,994.499,994.86285,995.385,996.04,996.7546,997.4067,997.8293,998.1969,998.483,998.8009,999.0373,999.355,999.72296,1000.06934,1000.4207,1000.675,1000.93475,1001.15045,1001.5636,1001.9363,1002.1839,1002.00037,1001.60114,1001.36017,1001.37024,1001.4469,1001.6778,1002.0461,1002.3717
