forecast_day,time_of_1h,1h,2h,3h,4h,5h,6h,7h,8h,9h,10h,11h,12h,13h,14h,15h,16h,17h,18h,19h,20h,21h,22h,23h,24h,25h,26h,27h,28h,29h,30h,31h,32h,33h,34h,35h,36h,37h,38h,39h,40h,41h,42h,43h,44h,45h,46h,47h,48h,49h,50h,51h,52h,53h,54h,55h,56h,57h,58h,59h,60h,61h,62h,63h,64h,65h,66h,67h,68h,69h,70h,71h,72h,73h,74h,75h,76h,77h,78h,79h,80h,81h,82h,83h,84h,85h,86h,87h,88h,89h,90h,91h,92h,93h,94h,95h,96h,97h,98h,99h,100h,101h,102h,103h,104h,105h,106h,107h,108h,109h,110h,111h,112h,113h,114h,115h,116h,117h,118h,119h,120h,121h,122h,123h,124h,125h,126h,127h,128h,129h,130h,131h,132h,133h,134h,135h,136h,137h,138h,139h,140h,141h,142h,143h,144h,145h,146h,147h,148h,149h,150h,151h,152h,153h,154h,155h,156h,157h,158h,159h,160h,161h,162h,163h,164h,165h,166h,167h,168h
2025-11-05 02:41:37+00:00,2025-11-05 00:00:00+00:00,57.0,45.0,42.0,36.0,44.0,41.0,43.0,51.0,55.0,62.0,64.0,74.0,82.0,82.0,81.0,70.0,62.0,57.0,69.0,71.0,85.0,79.0,79.0,80.0,70.0,66.0,69.0,71.0,72.0,72.0,74.0,73.0,76.0,77.0,80.0,79.0,77.0,78.0,77.0,70.0,74.0,76.0,74.0,71.0,63.0,74.0,83.0,87.0,87.0,94.0,98.0,98.0,98.0,99.0,94.0,94.0,96.0,96.0,94.0,94.0,93.0,93.0,94.0,94.0,93.0,94.0,96.0,95.0,90.0,81.0,76.0,81.0,84.0,89.0,93.0,94.0,94.0,95.0,95.0,95.0,95.0,94.0,94.0,93.0,93.0,91.0,90.0,90.0,86.0,81.0,74.0,64.0,59.0,56.0,59.0,69.0,83.0,92.0,90.0,90.0,86.0,84.0,80.0,76.0,77.0,77.0,75.0,75.0,76.0,78.0,77.0,77.0,76.0,71.0,68.0,67.0,67.0,69.0,74.0,80.0,85.0,86.0,85.0,83.0,81.0,80.0,78.0,77.0,76.0,76.0,76.0,75.0,75.0,75.0,76.0,76.0,74.0,72.0,70.0,70.0,71.0,72.0,73.0,74.0,76.0,81.0,89.0,94.0,97.0,97.0,98.0,98.0,98.0,98.0,98.0,99.0,99.0,99.0,99.0,99.0,98.0,95.0,93.0,90.0,87.0,85.0,87.0,90.0
2025-11-06 02:34:55+00:00,2025-11-06 00:00:00+00:00,59.0,74.0,67.0,66.0,69.0,73.0,74.0,75.0,78.0,75.0,75.0,76.0,76.0,84.0,81.0,79.0,77.0,74.0,78.0,77.0,66.0,75.0,82.0,81.0,79.0,78.0,73.0,87.0,79.0,76.0,80.0,86.0,78.0,80.0,76.0,90.0,86.0,86.0,84.0,78.0,69.0,70.0,88.0,88.0,82.0,85.0,90.0,84.0,89.0,91.0,95.0,96.0,96.0,96.0,95.0,95.0,95.0,95.0,94.0,94.0,92.0,91.0,90.0,88.0,84.0,74.0,65.0,57.0,51.0,51.0,55.0,65.0,82.0,90.0,90.0,88.0,85.0,82.0,78.0,76.0,73.0,72.0,71.0,71.0,71.0,75.0,76.0,76.0,74.0,70.0,65.0,61.0,59.0,57.0,62.0,70.0,79.0,83.0,84.0,79.0,77.0,76.0,76.0,75.0,74.0,74.0,75.0,75.0,76.0,76.0,76.0,85.0,97.0,98.0,98.0,99.0,98.0,98.0,98.0,99.0,99.0,99.0,99.0,99.0,98.0,97.0,96.0,95.0,95.0,95.0,95.0,95.0,95.0,94.0,93.0,92.0,91.0,89.0,88.0,86.0,84.0,83.0,85.0,88.0,91.0,93.0,96.0,97.0,97.0,97.0,96.0,95.0,94.0,93.0,92.0,92.0,91.0,90.0,89.0,87.0,84.0,81.0,77.0,70.0,63.0,59.0,61.0,67.0
2025-11-07 02:31:41+00:00,2025-11-07 00:00:00+00:00,75.0,75.0,77.0,76.0,76.0,88.0,72.0,75.0,77.0,68.0,79.0,80.0,73.0,68.0,70.0,66.0,70.0,70.0,71.0,75.0,75.0,72.0,73.0,77.0,87.0,92.0,86.0,81.0,79.0,78.0,72.0,71.0,74.0,75.0,76.0,71.0,68.0,65.0,62.0,59.0,54.0,57.0,60.0,64.0,68.0,67.0,71.0,64.0,45.0,93.0,92.0,91.0,87.0,85.0,81.0,77.0,76.0,75.0,73.0,75.0,75.0,75.0,75.0,75.0,74.0,70.0,66.0,58.0,59.0,60.0,68.0,76.0,85.0,90.0,88.0,87.0,85.0,83.0,82.0,79.0,78.0,79.0,79.0,79.0,79.0,82.0,83.0,81.0,84.0,92.0,95.0,97.0,97.0,97.0,98.0,97.0,98.0,98.0,98.0,99.0,99.0,99.0,99.0,99.0,99.0,98.0,97.0,96.0,96.0,97.0,98.0,99.0,99.0,98.0,95.0,90.0,84.0,80.0,80.0,82.0,84.0,86.0,88.0,90.0,91.0,92.0,92.0,92.0,92.0,91.0,89.0,86.0,84.0,84.0,86.0,85.0,81.0,74.0,68.0,62.0,57.0,55.0,59.0,67.0,74.0,79.0,82.0,84.0,82.0,77.0,74.0,72.0,72.0,72.0,74.0,77.0,79.0,81.0,83.0,83.0,82.0,79.0,77.0,76.0,74.0,74.0,75.0,76.0
2025-11-08 02:20:14+00:00,2025-11-08 00:00:00+00:00,65.0,72.0,71.0,70.0,67.0,67.0,73.0,72.0,70.0,69.0,67.0,62.0,59.0,55.0,52.0,52.0,47.0,49.0,52.0,54.0,57.0,60.0,60.0,57.0,56.0,49.0,39.0,37.0,38.0,39.0,38.0,39.0,38.0,39.0,39.0,39.0,37.0,36.0,35.0,35.0,36.0,36.0,35.0,47.0,53.0,56.0,51.0,43.0,43.0,92.0,89.0,84.0,81.0,79.0,79.0,78.0,77.0,77.0,78.0,79.0,83.0,93.0,97.0,98.0,98.0,99.0,99.0,99.0,99.0,99.0,99.0,98.0,98.0,98.0,98.0,99.0,99.0,99.0,100.0,99.0,98.0,96.0,97.0,96.0,96.0,95.0,95.0,94.0,93.0,90.0,87.0,86.0,80.0,76.0,74.0,78.0,87.0,92.0,92.0,92.0,92.0,91.0,90.0,88.0,85.0,84.0,83.0,81.0,80.0,79.0,79.0,79.0,78.0,72.0,64.0,59.0,55.0,54.0,58.0,65.0,71.0,75.0,78.0,80.0,79.0,77.0,76.0,77.0,80.0,82.0,84.0,87.0,89.0,92.0,94.0,96.0,96.0,96.0,96.0,96.0,97.0,97.0,97.0,98.0,98.0,98.0,99.0,99.0,99.0,99.0,99.0,99.0,99.0,99.0,99.0,99.0,99.0,99.0,99.0,99.0,99.0,99.0,98.0,97.0,95.0,94.0,95.0,97.0
2025-11-09 02:41:11+00:00,2025-11-09 00:00:00+00:00,41.0,39.0,36.0,38.0,37.0,38.0,36.0,35.0,35.0,36.0,35.0,35.0,34.0,34.0,34.0,34.0,34.0,35.0,34.0,39.0,57.0,62.0,49.0,38.0,37.0,36.0,43.0,52.0,52.0,54.0,53.0,55.0,51.0,58.0,76.0,93.0,91.0,87.0,84.0,90.0,97.0,97.0,96.0,93.0,85.0,88.0,91.0,86.0,86.0,97.0,98.0,99.0,99.0,97.0,99.0,99.0,98.0,96.0,95.0,94.0,92.0,92.0,92.0,92.0,92.0,90.0,89.0,87.0,83.0,78.0,77.0,80.0,87.0,91.0,92.0,92.0,90.0,88.0,87.0,86.0,87.0,88.0,87.0,87.0,87.0,89.0,90.0,90.0,88.0,83.0,76.0,69.0,67.0,67.0,72.0,76.0,81.0,89.0,94.0,96.0,95.0,95.0,97.0,97.0,95.0,96.0,97.0,96.0,96.0,97.0,100.0,99.0,98.0,98.0,99.0,99.0,99.0,99.0,99.0,99.0,99.0,98.0,97.0,97.0,97.0,98.0,99.0,99.0,99.0,99.0,99.0,99.0,99.0,99.0,100.0,100.0,99.0,98.0,97.0,96.0,95.0,95.0,96.0,97.0,98.0,97.0,94.0,93.0,94.0,97.0,99.0,99.0,99.0,99.0,99.0,99.0,99.0,99.0,100.0,99.0,96.0,93.0,91.0,92.0,95.0,97.0,98.0,99.0
2025-11-10 02:33:51+00:00,2025-11-10 00:00:00+00:00,31.0,32.0,31.0,32.0,35.0,38.0,36.0,38.0,44.0,71.0,96.0,95.0,91.0,92.0,90.0,87.0,94.0,98.0,88.0,85.0,90.0,87.0,86.0,86.0,85.0,87.0,87.0,85.0,83.0,81.0,84.0,83.0,80.0,76.0,73.0,75.0,77.0,77.0,75.0,73.0,73.0,78.0,80.0,80.0,79.0,78.0,78.0,83.0,86.0,87.0,87.0,88.0,87.0,87.0,86.0,84.0,83.0,82.0,81.0,80.0,81.0,81.0,77.0,79.0,77.0,82.0,89.0,92.0,94.0,95.0,97.0,97.0,97.0,97.0,97.0,97.0,96.0,94.0,93.0,92.0,92.0,91.0,90.0,90.0,91.0,93.0,94.0,98.0,92.0,95.0,94.0,91.0,85.0,74.0,85.0,88.0,87.0,90.0,90.0,88.0,89.0,86.0,85.0,88.0,89.0,89.0,98.0,99.0,99.0,99.0,98.0,99.0,99.0,99.0,99.0,99.0,99.0,99.0,99.0,99.0,99.0,99.0,99.0,99.0,99.0,99.0,99.0,99.0,99.0,99.0,99.0,99.0,99.0,99.0,98.0,98.0,98.0,98.0,98.0,98.0,99.0,99.0,99.0,99.0,99.0,99.0,99.0,99.0,99.0,99.0,99.0,99.0,99.0,99.0,98.0,98.0,97.0,97.0,97.0,97.0,97.0,97.0,96.0,95.0,94.0,93.0,93.0,94.0
2025-11-11 02:22:30+00:00,2025-11-11 00:00:00+00:00,75.0,79.0,83.0,74.0,72.0,74.0,75.0,75.0,75.0,75.0,73.0,75.0,81.0,80.0,84.0,87.0,86.0,85.0,82.0,83.0,83.0,84.0,86.0,87.0,91.0,92.0,85.0,82.0,74.0,68.0,65.0,60.0,57.0,57.0,54.0,54.0,56.0,55.0,55.0,59.0,72.0,76.0,78.0,89.0,94.0,93.0,89.0,80.0,76.0,96.0,95.0,94.0,94.0,95.0,94.0,93.0,91.0,90.0,90.0,91.0,92.0,91.0,89.0,91.0,93.0,94.0,93.0,97.0,97.0,97.0,96.0,97.0,99.0,98.0,97.0,96.0,97.0,100.0,99.0,99.0,98.0,97.0,97.0,95.0,94.0,93.0,94.0,95.0,94.0,89.0,84.0,84.0,83.0,81.0,80.0,82.0,88.0,91.0,93.0,94.0,95.0,95.0,95.0,93.0,92.0,88.0,85.0,90.0,93.0,95.0,96.0,96.0,96.0,97.0,97.0,97.0,97.0,97.0,97.0,98.0,98.0,98.0,98.0,98.0,98.0,99.0,99.0,99.0,99.0,99.0,99.0,99.0,98.0,97.0,96.0,95.0,95.0,95.0,93.0,88.0,82.0,78.0,79.0,83.0,87.0,91.0,95.0,97.0,97.0,96.0,95.0,95.0,95.0,95.0,95.0,95.0,95.0,96.0,96.0,95.0,91.0,85.0,80.0,76.0,72.0,71.0,74.0,80.0
2025-11-12 02:25:29+00:00,2025-11-12 00:00:00+00:00,76.0,67.0,65.0,56.0,54.0,50.0,45.0,41.0,39.0,40.0,40.0,40.0,41.0,41.0,43.0,47.0,66.0,76.0,81.0,83.0,85.0,87.0,87.0,85.0,80.0,79.0,77.0,75.0,76.0,79.0,84.0,85.0,82.0,81.0,76.0,71.0,59.0,53.0,52.0,66.0,73.0,82.0,84.0,83.0,72.0,71.0,79.0,88.0,81.0,98.0,99.0,99.0,99.0,96.0,98.0,97.0,95.0,94.0,91.0,87.0,87.0,87.0,86.0,87.0,87.0,81.0,79.0,74.0,74.0,77.0,80.0,85.0,93.0,96.0,96.0,96.0,97.0,97.0,97.0,96.0,97.0,97.0,97.0,96.0,96.0,96.0,97.0,98.0,98.0,98.0,98.0,98.0,98.0,99.0,99.0,99.0,99.0,99.0,99.0,99.0,99.0,99.0,99.0,99.0,99.0,99.0,99.0,99.0,99.0,99.0,96.0,96.0,97.0,98.0,98.0,98.0,99.0,99.0,99.0,98.0,98.0,98.0,98.0,97.0,96.0,94.0,93.0,94.0,96.0,97.0,98.0,98.0,98.0,98.0,98.0,98.0,98.0,97.0,97.0,97.0,98.0,97.0,94.0,91.0,89.0,90.0,93.0,95.0,96.0,96.0,95.0,93.0,89.0,87.0,87.0,88.0,89.0,92.0,96.0,97.0,94.0,89.0,84.0,79.0,75.0,73.0,77.0,83.0
2025-11-13 02:43:13+00:00,2025-11-13 00:00:00+00:00,69.0,68.0,69.0,67.0,68.0,65.0,67.0,74.0,73.0,77.0,83.0,83.0,84.0,77.0,71.0,78.0,80.0,78.0,85.0,81.0,82.0,98.0,97.0,94.0,98.0,94.0,79.0,90.0,81.0,74.0,67.0,54.0,67.0,62.0,50.0,54.0,55.0,52.0,53.0,57.0,72.0,80.0,85.0,88.0,88.0,89.0,92.0,91.0,90.0,97.0,97.0,97.0,98.0,98.0,99.0,99.0,99.0,99.0,99.0,98.0,97.0,98.0,98.0,97.0,97.0,97.0,97.0,98.0,98.0,98.0,98.0,97.0,97.0,96.0,96.0,96.0,96.0,96.0,95.0,94.0,93.0,92.0,92.0,93.0,94.0,93.0,93.0,92.0,91.0,90.0,88.0,88.0,88.0,90.0,89.0,89.0,91.0,94.0,95.0,96.0,97.0,97.0,96.0,95.0,95.0,94.0,94.0,94.0,94.0,93.0,93.0,97.0,99.0,98.0,98.0,98.0,97.0,97.0,98.0,99.0,99.0,99.0,98.0,97.0,96.0,95.0,94.0,94.0,94.0,95.0,96.0,97.0,97.0,96.0,94.0,92.0,90.0,88.0,85.0,81.0,77.0,75.0,77.0,82.0,86.0,89.0,92.0,93.0,92.0,90.0,89.0,90.0,92.0,93.0,94.0,95.0,95.0,94.0,92.0,89.0,82.0,73.0,67.0,64.0,64.0,65.0,67.0,71.0
2025-11-14 02:26:36+00:00,2025-11-14 00:00:00+00:00,99.0,90.0,79.0,82.0,98.0,94.0,93.0,92.0,88.0,87.0,87.0,85.0,84.0,84.0,88.0,90.0,89.0,89.0,88.0,89.0,89.0,89.0,88.0,85.0,83.0,79.0,80.0,79.0,79.0,78.0,79.0,82.0,87.0,87.0,84.0,86.0,83.0,85.0,86.0,85.0,85.0,83.0,84.0,89.0,93.0,92.0,92.0,89.0,90.0,98.0,97.0,97.0,96.0,96.0,96.0,94.0,93.0,95.0,94.0,95.0,95.0,95.0,93.0,94.0,94.0,90.0,88.0,87.0,86.0,86.0,84.0,87.0,87.0,88.0,91.0,90.0,89.0,89.0,89.0,91.0,91.0,92.0,91.0,92.0,91.0,92.0,92.0,93.0,96.0,97.0,98.0,99.0,99.0,99.0,99.0,97.0,97.0,97.0,96.0,96.0,96.0,97.0,97.0,97.0,99.0,99.0,98.0,97.0,97.0,97.0,95.0,94.0,92.0,90.0,89.0,86.0,83.0,81.0,82.0,86.0,89.0,92.0,95.0,97.0,97.0,96.0,95.0,95.0,95.0,95.0,95.0,95.0,95.0,95.0,96.0,95.0,92.0,88.0,85.0,82.0,79.0,79.0,82.0,88.0,92.0,94.0,95.0,95.0,95.0,96.0,96.0,96.0,97.0,97.0,97.0,97.0,97.0,97.0,97.0,96.0,94.0,90.0,86.0,78.0,69.0,65.0,70.0,80.0
2025-11-17 02:36:59+00:00,2025-11-17 00:00:00+00:00,85.0,83.0,82.0,79.0,78.0,81.0,74.0,78.0,83.0,95.0,91.0,92.0,91.0,93.0,98.0,95.0,93.0,92.0,88.0,86.0,91.0,91.0,94.0,95.0,96.0,95.0,92.0,84.0,82.0,81.0,81.0,83.0,88.0,88.0,89.0,91.0,85.0,85.0,84.0,85.0,88.0,89.0,92.0,92.0,92.0,89.0,84.0,85.0,88.0,95.0,96.0,96.0,97.0,97.0,97.0,96.0,96.0,95.0,96.0,95.0,94.0,94.0,94.0,94.0,92.0,85.0,76.0,71.0,68.0,68.0,67.0,76.0,84.0,90.0,92.0,91.0,91.0,90.0,89.0,86.0,87.0,86.0,85.0,86.0,83.0,83.0,83.0,85.0,83.0,78.0,70.0,63.0,59.0,57.0,59.0,65.0,71.0,76.0,80.0,81.0,81.0,82.0,82.0,82.0,83.0,84.0,84.0,84.0,83.0,81.0,81.0,81.0,81.0,79.0,76.0,75.0,75.0,77.0,81.0,87.0,92.0,95.0,97.0,98.0,99.0,99.0,99.0,99.0,99.0,99.0,99.0,99.0,99.0,99.0,99.0,98.0,96.0,93.0,90.0,88.0,87.0,87.0,89.0,93.0,95.0,96.0,95.0,95.0,95.0,94.0,94.0,94.0,95.0,95.0,95.0,95.0,95.0,95.0,95.0,95.0,94.0,93.0,93.0,93.0,94.0,95.0,96.0,96.0
2025-11-19 04:06:36+00:00,2025-11-19 00:00:00+00:00,84.0,84.0,80.0,83.0,86.0,83.0,83.0,83.0,82.0,79.0,72.0,65.0,55.0,59.0,56.0,56.0,50.0,39.0,43.0,63.0,63.0,62.0,58.0,38.0,40.0,41.0,37.0,37.0,38.0,39.0,42.0,40.0,38.0,39.0,42.0,49.0,46.0,43.0,47.0,51.0,60.0,67.0,70.0,71.0,75.0,82.0,83.0,87.0,89.0,90.0,92.0,93.0,94.0,95.0,95.0,95.0,95.0,95.0,96.0,96.0,93.0,91.0,91.0,91.0,89.0,87.0,85.0,85.0,84.0,84.0,84.0,85.0,85.0,87.0,90.0,92.0,92.0,93.0,95.0,96.0,97.0,98.0,98.0,98.0,99.0,99.0,99.0,99.0,99.0,98.0,97.0,97.0,98.0,97.0,99.0,99.0,99.0,99.0,99.0,99.0,98.0,98.0,98.0,98.0,98.0,98.0,97.0,98.0,98.0,96.0,95.0,95.0,93.0,94.0,93.0,94.0,95.0,96.0,96.0,97.0,97.0,98.0,98.0,99.0,99.0,99.0,99.0,98.0,97.0,96.0,95.0,94.0,93.0,93.0,94.0,94.0,92.0,90.0,89.0,91.0,95.0,97.0,98.0,97.0,96.0,93.0,88.0,86.0,89.0,94.0,97.0,95.0,91.0,87.0,85.0,83.0,82.0,84.0,87.0,88.0,86.0,82.0,77.0,72.0,66.0,63.0,66.0,72.0
2025-11-20 04:03:51+00:00,2025-11-20 00:00:00+00:00,44.0,44.0,45.0,41.0,38.0,37.0,40.0,35.0,37.0,38.0,41.0,43.0,42.0,61.0,61.0,64.0,72.0,70.0,71.0,82.0,75.0,83.0,81.0,77.0,69.0,69.0,71.0,72.0,72.0,73.0,76.0,71.0,74.0,77.0,73.0,73.0,71.0,71.0,67.0,70.0,74.0,74.0,79.0,85.0,85.0,85.0,85.0,85.0,82.0,84.0,85.0,87.0,87.0,86.0,85.0,85.0,86.0,88.0,89.0,92.0,92.0,92.0,93.0,93.0,94.0,95.0,96.0,97.0,97.0,97.0,98.0,98.0,99.0,99.0,99.0,99.0,99.0,99.0,99.0,99.0,98.0,99.0,99.0,98.0,98.0,98.0,98.0,98.0,98.0,98.0,98.0,99.0,98.0,95.0,96.0,96.0,97.0,98.0,98.0,98.0,98.0,97.0,94.0,98.0,90.0,89.0,91.0,96.0,96.0,92.0,89.0,98.0,99.0,99.0,100.0,100.0,100.0,100.0,100.0,100.0,99.0,97.0,94.0,92.0,92.0,94.0,95.0,95.0,95.0,95.0,94.0,94.0,93.0,93.0,93.0,92.0,90.0,87.0,84.0,81.0,79.0,79.0,83.0,90.0,94.0,94.0,92.0,90.0,89.0,89.0,88.0,87.0,87.0,86.0,85.0,84.0,84.0,85.0,86.0,86.0,82.0,77.0,73.0,70.0,69.0,70.0,76.0,86.0
2025-11-21 04:03:21+00:00,2025-11-21 00:00:00+00:00,82.0,80.0,79.0,78.0,71.0,73.0,75.0,75.0,69.0,64.0,60.0,60.0,57.0,57.0,60.0,64.0,66.0,67.0,69.0,71.0,67.0,66.0,62.0,58.0,57.0,62.0,68.0,72.0,76.0,76.0,72.0,67.0,65.0,65.0,68.0,68.0,70.0,72.0,74.0,73.0,74.0,73.0,76.0,81.0,82.0,84.0,85.0,81.0,79.0,91.0,95.0,96.0,97.0,98.0,99.0,99.0,99.0,99.0,99.0,99.0,98.0,98.0,97.0,97.0,98.0,98.0,95.0,95.0,96.0,98.0,98.0,98.0,95.0,93.0,88.0,89.0,93.0,93.0,94.0,91.0,90.0,89.0,90.0,79.0,83.0,86.0,86.0,86.0,92.0,88.0,79.0,78.0,76.0,76.0,78.0,85.0,94.0,98.0,98.0,97.0,96.0,95.0,91.0,89.0,88.0,89.0,88.0,87.0,87.0,86.0,85.0,84.0,81.0,76.0,71.0,68.0,66.0,66.0,68.0,72.0,75.0,78.0,81.0,83.0,83.0,83.0,83.0,85.0,89.0,92.0,94.0,96.0,97.0,98.0,98.0,98.0,98.0,98.0,98.0,99.0,99.0,100.0,100.0,100.0,100.0,100.0,100.0,100.0,100.0,100.0,100.0,100.0,100.0,100.0,100.0,100.0,100.0,100.0,100.0,100.0,100.0,100.0,100.0,100.0,100.0,100.0,100.0,100.0
2025-11-22 04:00:45+00:00,2025-11-22 00:00:00+00:00,88.0,86.0,89.0,89.0,86.0,87.0,86.0,85.0,83.0,82.0,80.0,78.0,76.0,72.0,70.0,70.0,72.0,74.0,75.0,78.0,79.0,83.0,80.0,85.0,83.0,83.0,83.0,80.0,79.0,76.0,77.0,75.0,76.0,76.0,76.0,75.0,76.0,76.0,79.0,85.0,94.0,92.0,95.0,87.0,80.0,78.0,78.0,80.0,86.0,94.0,94.0,94.0,84.0,89.0,90.0,97.0,99.0,98.0,99.0,99.0,99.0,96.0,99.0,99.0,98.0,99.0,99.0,97.0,94.0,88.0,82.0,85.0,92.0,94.0,95.0,96.0,97.0,96.0,95.0,95.0,94.0,93.0,92.0,89.0,87.0,88.0,88.0,88.0,86.0,80.0,76.0,76.0,72.0,72.0,77.0,87.0,90.0,88.0,88.0,89.0,87.0,86.0,86.0,86.0,85.0,83.0,80.0,78.0,80.0,83.0,85.0,90.0,96.0,97.0,97.0,98.0,98.0,98.0,98.0,99.0,99.0,99.0,99.0,99.0,99.0,99.0,99.0,99.0,100.0,100.0,100.0,100.0,100.0,100.0,100.0,100.0,100.0,100.0,100.0,100.0,100.0,100.0,100.0,100.0,100.0,100.0,100.0,100.0,100.0,99.0,99.0,99.0,100.0,100.0,100.0,99.0,99.0,99.0,98.0,98.0,98.0,99.0,99.0,99.0,99.0,99.0,99.0,99.0
2025-11-23 04:48:29+00:00,2025-11-23 00:00:00+00:00,82.0,79.0,80.0,79.0,77.0,78.0,82.0,78.0,79.0,80.0,81.0,84.0,82.0,80.0,81.0,84.0,83.0,81.0,81.0,96.0,93.0,90.0,88.0,87.0,85.0,79.0,76.0,73.0,71.0,71.0,69.0,61.0,69.0,74.0,78.0,85.0,87.0,84.0,78.0,74.0,70.0,68.0,74.0,82.0,81.0,85.0,86.0,86.0,84.0,95.0,94.0,94.0,95.0,96.0,99.0,99.0,97.0,96.0,94.0,92.0,91.0,90.0,89.0,88.0,89.0,85.0,78.0,74.0,74.0,72.0,74.0,79.0,84.0,86.0,91.0,93.0,98.0,99.0,99.0,99.0,99.0,99.0,99.0,99.0,98.0,98.0,99.0,99.0,99.0,99.0,99.0,100.0,100.0,100.0,100.0,100.0,100.0,100.0,100.0,100.0,100.0,100.0,100.0,100.0,100.0,100.0,100.0,100.0,100.0,100.0,100.0,100.0,100.0,100.0,100.0,100.0,100.0,100.0,100.0,100.0,100.0,100.0,100.0,100.0,100.0,100.0,100.0,100.0,100.0,100.0,100.0,100.0,100.0,100.0,100.0,100.0,100.0,100.0,100.0,100.0,100.0,100.0,100.0,100.0,100.0,100.0,100.0,100.0,100.0,99.0,99.0,99.0,100.0,100.0,100.0,100.0,100.0,100.0,100.0,100.0,100.0,100.0,100.0,98.0,96.0,95.0,95.0,96.0
