forecast_day,time_of_1h,1h,2h,3h,4h,5h,6h,7h,8h,9h,10h,11h,12h,13h,14h,15h,16h,17h,18h,19h,20h,21h,22h,23h,24h,25h,26h,27h,28h,29h,30h,31h,32h,33h,34h,35h,36h,37h,38h,39h,40h,41h,42h,43h,44h,45h,46h,47h,48h,49h,50h,51h,52h,53h,54h,55h,56h,57h,58h,59h,60h,61h,62h,63h,64h,65h,66h,67h,68h,69h,70h,71h,72h,73h,74h,75h,76h,77h,78h,79h,80h,81h,82h,83h,84h,85h,86h,87h,88h,89h,90h,91h,92h,93h,94h,95h,96h,97h,98h,99h,100h,101h,102h,103h,104h,105h,106h,107h,108h,109h,110h,111h,112h,113h,114h,115h,116h,117h,118h,119h,120h,121h,122h,123h,124h,125h,126h,127h,128h,129h,130h,131h,132h,133h,134h,135h,136h,137h,138h,139h,140h,141h,142h,143h,144h,145h,146h,147h,148h,149h,150h,151h,152h,153h,154h,155h,156h,157h,158h,159h,160h,161h,162h,163h,164h,165h,166h,167h,168h
2025-11-05 01:27:05+00:00,2025-11-05 00:00:00+00:00,320.96448,322.54935,333.43503,4.184834,26.564985,26.564985,357.95462,8.130019,44.999897,345.9637,353.6599,360.0,335.22488,322.12494,323.13004,289.6539,288.43503,329.03632,344.47583,174.80566,176.09958,203.33406,214.85452,209.98155,208.49554,190.6196,119.357666,135.0001,270.0,146.3099,90.0,128.65984,138.36655,75.37909,38.990997,35.311302,34.50859,20.556128,323.13004,326.97614,339.44388,326.3099,131.18582,80.53775,93.17977,333.43503,306.86996,330.55466,4.969664,25.942251,31.827414,34.69522,40.236294,39.805527,46.73567,39.805527,50.194473,35.217674,44.999897,27.758451,22.833694,14.036275,2.7262611,360.0,10.784258,11.888645,29.744795,98.13002,130.60121,144.46223,144.46223,100.00792,42.27363,46.636536,74.74483,75.25639,15.255177,12.094739,9.865748,7.3522935,18.435053,11.3098955,5.9060555,10.124612,6.1154146,6.3401003,6.1154146,6.1154146,18.435053,17.92802,16.113499,2.1210518,347.36664,341.31256,336.0375,329.1724,346.75946,61.389645,81.86999,213.6901,241.69934,211.60745,196.31393,190.71307,182.3859,192.68037,207.47435,210.03319,204.44394,204.5377,207.97939,200.80687,198.43504,196.29411,194.87573,192.22511,188.74608,185.19434,180.0,174.80566,172.14677,173.41815,180.0,188.53069,199.9832,281.3099,335.55606,347.4712,357.5105,360.0,357.70944,352.23492,348.6901,348.11136,348.11136,351.02744,353.9911,356.98727,360.0,7.59456,15.255177,23.198618,270.0,220.60121,221.98714,224.9999,360.0,21.801476,21.801476,17.52567,15.945477,13.392516,6.0089183,3.179772,2.8623457,7.7650824,7.12493,2.385899,352.5687,349.69522,357.27374,11.888645,18.435053,13.240531,356.42374,344.47583,345.4655,347.00537
2025-11-06 01:14:55+00:00,2025-11-06 00:00:00+00:00,168.69011,177.79745,142.43134,162.64589,137.29063,79.69521,239.0363,176.186,135.0001,336.0375,44.999897,59.03632,329.03632,335.55606,319.18503,318.01288,322.59457,353.9911,8.130019,329.30035,324.46225,319.63553,315.5456,316.1232,326.6336,51.072456,67.69375,59.03632,33.231728,348.6901,296.56497,62.447273,61.389645,353.29025,322.69595,319.7637,330.64233,308.2902,340.70987,44.999897,153.43501,141.34016,172.87508,141.34016,150.64235,128.65984,360.0,339.14545,8.530692,44.999897,58.392544,71.564964,23.629398,24.443953,19.653913,21.037588,19.983198,26.564985,33.111355,33.6901,37.694313,39.55964,30.6506,15.945477,16.858482,14.036275,15.376317,354.2895,337.1094,322.3057,313.4926,319.574,347.73523,10.491434,42.510403,104.03627,210.96368,249.14546,202.98874,211.60745,209.42737,213.6901,210.34317,211.89075,217.05661,212.12497,211.42952,203.87529,198.17812,197.77141,196.89873,193.46523,192.43954,189.30986,184.84392,182.72626,180.0,152.70052,172.64772,191.30989,180.0,185.19434,184.08554,270.0,352.40543,357.5105,357.6141,355.03033,353.15732,349.69522,350.53775,356.186,14.931467,3.3664,349.3804,355.60138,14.036275,44.999897,63.435013,224.9999,251.56496,360.0,33.6901,32.471172,23.629398,14.036275,9.865748,9.865748,13.392516,14.036275,8.130019,360.0,355.42615,353.6599,354.2895,356.53183,3.179772,9.926182,11.5601,6.842679,1.0230169,358.0251,360.0,6.9528637,16.189287,28.442837,40.10085,46.73567,41.42357,30.068504,19.983198,12.26477,4.763556,2.2905633,4.398633,10.491434,12.528798,9.462248,2.8623457,356.6336,356.6336,3.0127327,5.7105074,8.97255,16.389616,24.775122,49.398785,105.945465
2025-11-07 01:12:08+00:00,2025-11-07 00:00:00+00:00,343.8556,2.2025495,50.82635,69.775055,44.999897,43.876797,300.25635,329.74365,15.945477,351.4693,14.036275,12.99463,290.55612,311.63345,330.25522,356.186,63.435013,213.6901,195.94547,195.52417,178.0909,182.3859,304.82455,317.83417,326.88864,343.41257,355.68405,41.63345,47.91091,23.498587,337.249,327.99466,32.905247,66.37061,59.53454,53.67309,50.355858,47.72637,51.546265,57.99466,347.4712,353.29025,358.09088,33.178535,23.198618,295.46332,291.03757,301.1849,329.62094,30.963696,39.47243,57.528828,224.9999,211.50421,202.8337,222.79738,221.63345,219.61066,211.70139,209.8988,212.6609,210.96368,204.56715,203.83875,195.17297,190.2221,194.6568,188.53069,185.29,180.0,178.727,170.53775,174.47255,163.49556,147.72438,169.21574,180.0,176.82024,163.30067,180.0,135.0001,360.0,353.6599,353.29025,353.6599,4.763556,360.0,354.55975,5.19435,12.528798,8.130019,12.528798,35.537766,95.7105,123.6901,104.03627,113.962494,116.56499,84.805664,23.629398,20.224945,20.224945,5.7105074,5.4402504,10.784258,16.927603,18.435053,4.085537,357.95462,358.0251,354.47253,356.186,10.304792,13.240531,12.200457,7.59456,1.0230169,358.12216,357.99048,360.0,3.0127327,11.3098955,27.645891,41.185837,40.9143,29.054508,19.290138,12.804273,9.462248,6.842679,2.385899,360.0,357.27374,360.0,5.19435,7.7650824,8.530692,10.61961,10.304792,360.0,198.43504,197.10281,192.5288,188.53069,183.17976,173.6599,30.963696,17.354122,13.392516,9.865748,7.12493,6.842679,6.581848,6.3401003,7.853233,7.3522935,8.8805895,9.16228,7.853233,8.130019,7.853233,5.527458,5.527458,5.7105074,4.23632,7.4313188,19.653913,71.564964
2025-11-08 01:04:32+00:00,2025-11-08 00:00:00+00:00,330.75128,2.0095148,360.0,44.999897,45.970932,43.91917,9.090207,325.17545,325.84024,345.52966,2.2025495,18.435053,36.38445,24.443953,47.602623,61.55718,341.56494,195.94547,216.86998,173.6599,191.30989,220.91429,308.50067,314.19315,30.256361,98.74608,77.27565,62.02062,60.708733,344.05453,344.6498,324.16226,144.46223,95.7105,111.801476,119.98155,172.23492,168.69011,191.76826,206.56499,199.8553,198.9705,191.30989,189.27252,185.31445,175.101,175.36462,186.91113,195.7087,176.72958,164.05453,167.73524,167.4712,176.186,159.44388,172.87508,194.03627,288.43503,326.3099,351.87,360.0,350.53775,347.4712,9.462261,7.59456,341.56494,355.60138,348.6901,354.2895,68.19853,135.0001,135.0001,90.0,32.005356,33.6901,40.601215,14.931467,9.462261,12.528798,17.52567,11.3098955,9.865748,7.4313188,6.581848,353.6599,353.6599,351.87,356.0549,5.3557334,17.354122,13.671325,22.61991,20.556128,8.297059,349.21573,354.2895,8.615564,24.623547,32.905247,49.398785,46.8476,34.50859,23.198618,28.072395,19.290138,360.0,357.6141,2.2025495,10.885482,9.090207,2.2025495,352.23492,354.80566,360.0,360.0,360.0,224.9999,189.46225,184.39862,182.86235,180.0,165.96373,75.96373,37.568665,23.962492,11.3098955,2.7262611,360.0,3.179772,3.3664,3.0127327,360.0,360.0,360.0,2.1210518,2.0453732,1.9091109,360.0,1.7356651,6.9111314,12.339083,15.708701,11.633606,6.3401003,4.763556,13.5704565,33.023872,48.814175,43.02507,27.758451,16.927603,11.76827,9.462248,6.842679,8.426887,12.094739,11.689341,8.130019,360.0,355.23645,355.23645,360.0,2.385899,2.8623457,4.085537,360.0,296.56497,215.53777
2025-11-09 01:09:42+00:00,2025-11-09 00:00:00+00:00,333.43503,17.102825,93.17977,85.60138,43.26433,272.4895,106.38962,169.6952,195.25517,207.18103,214.8754,201.16133,199.9832,191.9761,207.18103,208.02441,198.43504,197.21616,194.26454,188.2758,181.19347,178.60284,181.59111,185.35573,169.11452,156.0375,133.53127,138.57643,118.61037,122.27562,124.3804,141.7098,124.992096,103.49575,80.21766,58.1726,44.999897,346.75946,334.65387,310.91428,285.94547,180.0,176.42374,350.53775,356.186,345.9637,161.56496,191.30989,180.0,119.74479,56.309914,53.13002,33.6901,22.61991,6.70975,7.59456,14.931467,16.699326,7.4313188,357.27374,355.42615,355.03033,6.581848,357.5105,10.954029,20.556128,16.58742,11.76827,10.491434,5.102074,351.63422,360.0,13.627024,33.023872,49.398785,54.782326,46.8476,18.435053,16.927603,12.804273,8.530692,20.854538,360.0,16.699326,352.5687,360.0,360.0,348.6901,344.05453,345.06854,340.0168,38.65983,327.99466,348.6901,171.86998,194.03627,243.43501,333.43503,20.854538,33.023872,52.594578,21.25058,2.2905633,5.4402504,354.2895,360.0,354.55975,17.52567,360.0,8.130019,8.130019,354.55975,10.304792,12.804273,9.865748,360.0,333.43503,311.63345,318.36655,338.9624,356.186,19.653913,42.510403,54.46224,51.34017,8.130019,326.3099,330.25522,360.0,12.528798,12.528798,12.528798,7.12493,8.130019,18.435053,135.0001,176.6336,180.0,188.42688,206.21132,222.0317,226.94807,220.76352,188.74608,135.0001,131.42357,199.9832,237.09476,210.0685,174.47255,155.69547,106.38962,27.255245,19.384613,32.005356,71.0295,101.3099,86.186005,42.397392,11.3098955,349.3804,331.69934,321.2156,316.94147,314.56268,312.90982,310.34167,307.64767
2025-11-10 01:15:08+00:00,2025-11-10 00:00:00+00:00,171.25392,162.3498,139.18501,133.02507,138.01286,63.435013,85.91447,105.25517,44.999897,59.03632,26.564985,327.26477,3.179772,309.8055,323.13,332.1028,224.9999,172.87508,172.40544,183.57626,180.0,188.53069,174.2895,166.50426,146.82147,139.39879,136.33215,118.30067,333.43503,347.00537,4.763556,21.801476,33.6901,360.0,353.6599,335.55606,334.65387,322.59457,338.19852,333.43503,326.3099,206.56499,186.3401,21.801476,10.491434,4.085537,358.31534,2.8623457,23.428713,41.82009,53.13002,49.398785,29.054508,10.784258,13.392516,7.4313188,360.0,23.198618,9.865748,6.581848,12.26477,357.5105,342.34976,349.3804,345.06854,327.99466,360.0,224.9999,185.7105,175.91446,176.98727,177.5105,159.14546,104.03627,66.801384,50.194473,21.801476,4.085537,12.804273,360.0,4.398633,353.6599,19.983198,3.8140097,355.23645,3.8140097,9.462261,348.6901,354.80566,11.3098955,6.3401003,24.443953,90.0,147.52882,180.0,201.03758,360.0,51.34017,66.037506,51.34017,41.98713,26.564985,90.0,348.6901,90.0,101.3099,360.0,18.435053,23.198618,8.130019,336.8014,56.309914,284.03625,180.0,208.52303,207.27667,205.16783,206.31802,211.60745,218.82983,223.72705,222.16582,210.96368,187.12492,341.56494,337.8336,337.93204,345.9637,97.12492,129.47243,97.12492,23.198618,2.7926505,357.70944,353.77426,345.9637,332.06293,320.11737,314.63968,314.00662,315.31653,316.88815,317.94412,318.90863,320.98813,322.99738,326.76828,335.37646,357.13766,29.931421,49.68598,57.030594,58.29862,54.090195,42.510403,25.016869,12.875007,10.437421,11.04091,12.094739,12.094739,12.680387,13.324542,14.4208145,16.189287,19.653913,26.564985,33.6901
2025-11-11 01:07:48+00:00,2025-11-11 00:00:00+00:00,144.16226,228.81418,117.89718,120.963684,308.65982,288.43503,284.03625,29.744795,42.27363,39.289394,312.5104,313.26434,326.3099,318.36655,291.80148,290.55612,219.80553,180.0,329.53452,328.5705,321.78894,321.89236,320.77435,323.36578,332.6502,341.56494,26.564985,34.69522,86.82024,79.04598,26.564985,332.1028,337.3801,295.01685,316.3971,327.99466,310.10083,323.8417,310.60123,303.6901,243.43501,165.96373,195.94547,189.46225,160.0168,150.2552,157.3801,180.0,260.53775,341.56494,16.389616,36.86998,47.12111,5.7105074,351.4693,6.70975,351.87,5.19435,3.0127327,7.12493,353.29025,352.87506,5.7105074,2.2025495,344.3577,354.2895,355.23645,18.435053,333.43503,360.0,116.56499,255.96373,257.00537,276.3401,44.999897,69.44387,48.366554,24.443953,12.528798,10.007925,350.53775,355.91446,360.0,10.61961,354.2895,3.0127327,6.0089183,347.00537,341.56494,335.55606,135.0001,169.21574,184.899,180.0,180.68204,175.54448,164.3577,170.78905,180.0,165.96373,169.99208,185.19434,186.1154,188.13002,360.0,3.3664,4.969664,353.29025,22.61991,11.3098955,37.405437,322.12494,224.9999,109.09359,348.6901,243.43501,224.9999,216.86998,198.43504,180.0,172.33328,175.60138,201.25058,252.64589,246.50142,233.74606,223.1524,210.46547,186.91113,165.52966,157.52052,153.43501,152.44728,150.9455,151.38963,153.43501,160.0168,163.61038,161.56496,138.36655,66.037506,33.6901,21.801476,12.804273,12.804273,28.810698,48.179924,59.03632,54.246033,41.185825,36.158287,40.814987,53.61555,64.5367,62.525658,57.17146,53.972538,53.74608,56.309914,54.16227,43.02507,31.429514,23.962492,26.564985,168.69011,190.3048,255.96373,343.61038
2025-11-12 01:09:47+00:00,2025-11-12 00:00:00+00:00,37.30404,5.7105074,33.023872,57.99466,40.10085,46.2188,51.34017,59.03632,18.435053,279.46225,310.91428,270.0,325.30478,327.26477,326.3099,315.0001,170.53775,164.05453,180.0,180.0,182.4895,185.44025,119.05451,185.19434,168.69011,326.3099,255.96373,135.0001,327.99466,329.03632,15.945477,44.999897,327.52884,20.556128,353.6599,360.0,90.0,315.0001,307.87503,319.39877,306.86996,307.56866,336.8014,12.99463,23.749514,41.185837,24.775122,11.3098955,135.0001,111.801476,79.380394,44.999897,33.6901,22.380184,11.888645,2.8623457,353.9911,5.4402504,360.0,357.13766,5.19435,354.55975,8.530692,357.13766,353.41815,357.5105,357.3975,10.007925,16.699326,80.53775,171.86998,203.19862,306.86996,345.9637,22.380184,55.304783,34.69522,19.290138,5.19435,8.130019,357.27374,357.3975,355.03033,350.9098,355.60138,2.385899,360.0,360.0,355.03033,360.0,351.02744,360.0,26.564985,180.0,180.0,285.94547,248.19853,188.42688,164.05453,136.97493,149.03632,196.69933,173.6599,148.39255,149.74365,176.186,180.0,171.86998,183.57626,163.0091,161.56496,185.49223,192.5288,219.22566,42.614033,22.61991,1.4687687,342.072,307.40543,229.63554,209.19739,201.80147,135.0001,44.999897,46.73567,50.194473,55.6196,56.976128,55.6196,56.976128,59.420856,62.525658,60.018444,51.632477,40.030197,28.072395,17.354122,5.3557334,356.6336,351.02744,348.17853,350.13425,358.75467,13.091906,24.775122,32.82854,41.98713,49.085716,34.69522,7.59456,349.99207,348.6901,354.80566,360.0,355.60138,351.02744,349.69522,351.87,356.6336,360.0,350.53775,236.3099,204.44394,197.74477,195.37631,194.57425,195.06854,194.85866
2025-11-13 01:27:08+00:00,2025-11-13 00:00:00+00:00,193.24052,239.53453,343.0091,352.87506,30.379045,43.91917,33.6901,322.12494,340.55988,341.56494,347.00537,2.7262611,8.746089,337.1663,332.1028,305.53775,299.74478,325.0079,337.1663,341.07526,339.62347,329.03632,324.72748,334.98312,350.13425,339.44388,350.2725,15.945477,17.650223,351.87,339.77505,316.9749,323.61554,338.6293,325.0079,293.1986,360.0,334.79892,329.9315,328.39255,300.96368,319.39877,310.60123,14.036275,7.12493,129.80553,163.30067,206.56499,298.61035,2.7262611,30.963696,46.97493,40.9143,20.224945,7.7650824,5.19435,3.0127327,357.27374,357.5105,360.0,357.70944,2.4894993,352.5687,357.70944,2.1210518,7.12493,2.7262611,24.775122,71.564964,164.05453,183.57626,197.10281,33.6901,352.87506,341.56494,57.99466,26.564985,19.440128,15.255177,9.462261,23.629398,14.036275,360.0,360.0,356.42374,325.0079,284.03625,216.86998,175.91446,183.3664,187.22423,192.2157,203.12654,197.60472,203.19861,215.90982,241.69934,101.3099,122.828545,167.90526,176.186,163.0724,187.35228,190.00792,182.4895,120.96369,77.4712,49.398785,34.82457,38.047092,47.862484,40.601215,21.801476,15.068549,32.471172,29.248732,28.178495,29.5387,40.425995,53.426876,61.504463,59.8587,53.530666,44.999897,43.152412,43.02507,42.878906,33.6901,20.556128,10.007925,10.61961,14.931467,21.037588,18.435053,14.036275,8.130019,213.6901,195.52417,191.9761,189.81923,187.8001,186.95287,186.61336,187.59456,186.1154,182.20255,176.30869,176.6336,181.84756,192.5288,198.43504,194.03627,182.20255,171.86998,159.22766,148.17259,143.74608,147.17146,157.01126,168.69011,184.39862,199.23076,207.05052,208.30066,206.56499,204.96275,201.19412,192.875
2025-11-14 01:10:28+00:00,2025-11-14 00:00:00+00:00,51.709793,245.55606,333.43503,47.12111,14.036275,349.21573,330.64233,323.97253,318.36655,330.9455,338.19852,323.97253,322.59457,330.9455,316.5481,320.52756,318.36655,303.6901,270.0,180.0,197.35411,180.0,167.00539,157.61983,135.0001,342.64587,335.89777,337.5205,360.0,334.65387,198.43504,24.775122,338.19852,333.43503,319.63553,325.84024,331.69934,319.39877,328.5705,325.6196,307.87503,321.8427,347.4712,16.699326,10.304792,116.56499,186.84268,187.85323,182.72626,170.53775,118.072395,83.29026,15.255177,15.945477,354.2895,16.389616,9.462248,15.945477,357.13766,354.2895,352.87506,352.40543,353.9911,338.9624,260.53775,204.77512,185.7105,187.88304,192.8581,199.44012,210.31113,205.84433,217.03047,303.6901,160.34608,208.14151,189.65982,196.38962,168.11136,141.34016,104.03627,77.00539,70.01681,67.75093,55.175446,62.59251,57.724377,51.009003,14.036275,17.102825,18.924751,34.159744,32.195713,30.256361,26.564985,27.801373,38.829834,61.26031,55.6196,48.57643,38.65983,15.068549,353.88458,322.59457,320.1945,330.64233,4.398633,340.0168,330.25522,30.963696,95.19434,348.6901,261.02747,211.70139,200.40997,202.6646,206.56499,210.0685,213.29358,217.51918,219.80553,219.28938,217.30403,213.36638,208.8107,201.80147,196.55714,192.33908,191.30989,187.59456,44.999897,11.888645,13.134034,20.772345,37.30404,50.52757,49.76371,36.86999,350.53775,302.00534,284.03625,282.5288,289.9832,360.0,63.435013,69.44387,53.13002,360.0,341.56494,343.3007,342.8972,347.00537,350.53775,354.80566,354.80566,354.2895,348.6901,336.0375,323.13,318.36655,325.30478,334.65387,339.14545,345.9637,7.12493,56.309914,360.0,285.94547
2025-11-17 01:16:42+00:00,2025-11-17 00:00:00+00:00,202.06795,225.57864,320.57224,330.42227,336.7054,329.39365,322.43134,331.76263,311.18582,185.7105,218.65984,104.03627,85.23644,68.19853,81.02746,33.6901,255.96373,135.0001,329.3494,327.99466,328.76083,330.35022,332.14044,337.01126,340.9743,339.94382,350.21765,103.39252,34.50859,21.801476,355.42615,352.6477,349.50858,329.9315,342.47433,310.91428,308.92755,318.23978,325.40765,322.59457,324.16226,308.65982,213.6901,341.56494,184.39862,187.69595,184.15956,182.77016,165.37909,163.61038,165.96373,180.0,180.0,196.38962,202.6199,140.71062,149.53453,188.53069,192.5288,210.96368,224.9999,205.2011,180.0,181.97488,198.43504,191.30989,198.74144,193.39252,197.9495,198.65799,203.7495,208.4741,189.46225,176.93358,165.96373,201.80147,218.65984,168.69011,120.96369,197.24155,172.40544,137.72638,105.25517,90.0,47.72637,342.64587,310.60123,331.38962,6.3401003,8.130019,326.3099,352.14676,353.29025,205.01686,183.46815,185.35573,198.12195,308.0471,48.99101,75.25639,97.59455,63.435013,43.26433,59.743652,54.782326,55.175446,60.94549,59.349415,64.79892,59.53454,120.96369,108.43504,9.462248,4.5738406,355.10098,354.50775,355.03033,356.33228,0.7957082,9.950565,21.571367,33.6901,49.398785,62.354122,59.03632,44.999897,33.111355,23.749514,12.528798,4.085537,2.0453732,4.398633,4.5738406,360.0,355.23645,352.87506,352.87506,355.42615,360.0,7.12493,15.255177,20.224945,19.653913,7.12493,338.19852,353.6599,3.3664,7.4313188,6.581848,5.9060555,3.8140097,360.0,356.0549,351.87,349.8754,348.31067,348.6901,350.53775,352.40543,354.09393,356.186,356.186,355.76367,349.99207,300.96368,219.80553,195.94547,143.13002
2025-11-19 02:50:33+00:00,2025-11-19 00:00:00+00:00,127.40543,129.80553,137.4896,162.64589,140.90616,56.309914,356.98727,335.37646,329.03632,318.36655,316.46872,343.73972,347.4712,9.462248,212.00534,81.25392,145.71307,180.0,197.10281,189.59306,193.67133,183.75165,190.00792,180.0,180.0,116.56499,100.88548,74.931465,96.00892,127.694305,105.64231,156.0375,63.435013,336.8014,62.24156,50.194473,26.564985,97.59455,321.34018,224.9999,161.56496,175.60138,224.9999,270.0,258.6901,141.34016,240.2552,26.564985,318.81415,149.9315,139.08571,137.4896,138.36655,161.56496,144.78232,111.03758,102.09474,95.7105,50.710617,21.037588,47.489597,42.709366,40.236294,16.927603,355.60138,344.9816,342.5527,351.57312,9.462261,23.962492,54.46224,48.366554,53.972538,77.90526,111.03758,131.63345,106.699326,44.999897,20.556128,12.528798,344.7448,15.945477,23.198618,19.653913,29.744795,11.3098955,357.5105,355.03033,352.5687,348.6901,356.42374,348.6901,348.6901,351.2539,329.03632,293.9625,284.03625,345.9637,90.0,150.2552,180.0,221.63345,308.65982,315.0001,75.068535,34.50859,327.99466,308.65982,238.78166,13.240531,29.744795,1.7356651,348.6901,330.25522,316.9749,330.9455,66.037506,90.0,93.17977,90.0,82.875084,63.435013,291.80148,286.6993,294.44394,307.87503,323.13,338.19852,90.0,108.43504,56.309914,347.4712,338.19852,336.3706,338.19852,340.55988,346.50424,348.6901,350.9606,352.18478,352.87506,356.0549,6.3401003,22.442802,34.3804,37.476254,33.111355,25.201094,21.801476,21.801476,17.354122,13.240531,6.0089183,2.8623457,2.7262611,5.4402504,5.19435,4.969664,4.763556,4.398633,3.8140097,1.6365454,1.5074003,1.5074003,3.179772,5.19435,7.853233,14.036275
2025-11-20 02:49:13+00:00,2025-11-20 00:00:00+00:00,146.3099,323.53067,261.87,149.74365,111.801476,139.18501,129.09386,108.43504,12.094739,323.74606,44.999897,330.25522,295.01685,347.00537,317.1211,331.6071,336.8014,148.57048,129.28938,293.1986,128.15727,251.56496,192.80426,180.0,183.01273,156.97447,157.1663,153.43501,155.22488,243.43501,254.74483,135.0001,158.96242,195.94547,104.03627,103.24053,113.62939,97.76508,78.231735,67.16631,325.56094,336.1398,332.176,326.3099,324.46225,165.96373,172.64772,176.82024,190.6196,121.60746,98.74608,65.22488,49.398785,29.744795,32.471172,30.256361,353.6599,348.11136,350.53775,353.29025,354.2895,360.0,360.0,336.3706,356.6336,348.6901,325.30478,323.97253,315.0001,306.86996,318.36655,353.6599,15.255177,217.56866,212.47118,21.801476,60.94549,15.524177,9.462261,209.93143,226.50737,194.03627,75.96373,64.5367,331.69934,308.991,345.9637,352.87506,33.6901,180.0,182.72626,194.03627,177.83897,169.79608,170.72748,178.60284,172.09293,172.56868,163.61038,150.64235,137.29063,124.50858,112.833694,102.5288,77.00539,71.564964,60.94549,6.3401003,29.054508,36.86999,8.130019,25.016869,22.61991,9.16228,18.435053,10.437421,2.7262611,360.0,6.9528637,19.855309,31.504223,37.568665,43.53127,46.73567,43.152412,33.6901,24.227736,16.927603,8.746089,6.1154146,6.1154146,10.885482,11.3098955,6.842679,357.79745,353.41815,350.9098,352.87506,351.4693,351.2539,345.9637,194.03627,196.69933,198.43504,199.44012,188.13002,153.43501,116.56499,129.80553,164.05453,200.55612,246.0375,277.59454,285.52417,278.13,224.9999,180.0,180.0,216.86998,236.3099,218.65984,206.56499,199.53674,194.93147,192.22511,189.72751,184.899,178.18173
2025-11-21 02:48:41+00:00,2025-11-21 00:00:00+00:00,358.09088,52.124958,92.86235,77.00539,198.43504,201.80147,330.9455,28.610369,3.5762644,21.801476,83.99109,81.02746,61.189304,239.0363,276.3401,360.0,308.65982,302.00534,306.86996,329.03632,164.05453,188.74608,182.3859,172.87508,160.82089,126.86999,120.0685,146.3099,82.40546,65.22488,36.027473,300.25635,360.0,50.194473,299.74478,327.52884,335.55606,317.4896,330.25522,270.0,155.55606,135.0001,161.56496,167.90526,165.37909,162.47433,146.3099,103.39252,63.435013,224.9999,70.01681,56.3099,97.12492,18.435053,56.309914,201.80147,69.44387,301.60745,288.43503,236.3099,58.240574,11.3098955,334.17905,346.60748,338.19852,343.3007,236.3099,217.87505,203.80595,191.12915,191.0234,187.0283,185.07951,168.11136,154.7989,150.01845,118.61037,77.4712,53.13002,63.435013,68.62931,58.736336,47.489597,46.54811,62.525658,61.389645,67.75093,58.570484,30.6506,14.036275,5.572114,10.539137,5.0795207,349.46088,337.5572,347.82855,20.556128,51.115498,66.2505,65.22488,23.198618,23.198618,9.865748,2.6025116,356.6336,8.130019,340.3461,341.56494,330.25522,333.43503,322.12494,315.0001,284.03625,153.43501,171.25392,240.64233,268.60284,279.46225,293.9625,323.13,350.31128,1.3321922,9.926182,15.75124,22.520613,27.597204,27.072004,15.945477,355.23645,338.83865,347.90527,15.642312,33.6901,34.82457,24.623547,17.744766,13.5704565,12.875007,12.528798,15.42223,22.380184,49.398785,113.19862,147.52882,148.39255,123.6901,61.389645,35.217674,27.552727,23.198618,19.536749,15.708701,12.339083,8.8805895,5.19435,360.0,358.36346,356.6336,356.42374,360.0,8.746089,15.780828,19.798973,21.370695,21.54104,22.47948,28.810698,41.98713
2025-11-22 02:44:46+00:00,2025-11-22 00:00:00+00:00,12.094739,357.3975,334.98312,284.03625,21.801476,57.99466,43.02507,6.3401003,330.5242,344.05453,333.43503,330.9455,299.35767,323.13,318.36655,319.89914,316.2188,321.70978,322.12494,322.43134,296.56497,213.6901,167.00539,155.22488,129.80553,38.65983,38.65983,180.0,23.198618,98.74608,96.00892,84.2895,64.5367,53.972538,344.7448,260.53775,21.161337,25.640957,332.44727,284.6209,284.03625,102.99462,200.55612,144.86572,166.42955,173.21112,195.01842,186.70975,158.74942,230.71062,42.510403,67.61982,96.340096,126.86999,139.08571,113.962494,81.86999,99.16227,76.42955,63.435013,59.8587,64.5367,59.349415,42.08909,355.03033,347.00537,348.6901,343.20154,344.82703,341.25854,343.11313,358.75467,50.389355,73.300674,80.53775,61.69934,32.471172,11.3098955,14.743609,15.255177,2.6025116,9.865748,354.2895,345.9637,338.19852,318.01288,327.52884,315.0001,350.53775,11.3098955,26.564985,90.0,227.72638,275.7105,315.0001,343.1415,20.224945,34.159744,36.86998,31.263678,37.568665,40.236294,38.92756,32.005356,20.556128,357.5105,334.65387,334.98312,343.3007,353.9911,350.53775,342.8972,350.53775,360.0,354.80566,33.6901,66.801384,73.300674,59.93151,39.805527,28.610369,36.38445,50.52757,58.570484,44.999897,19.290138,4.763556,357.5105,354.2895,353.6599,360.0,8.530692,12.804273,9.090207,2.0453732,360.0,3.3664,7.907082,13.627024,23.198618,66.037506,131.18582,140.19447,360.0,347.4712,4.398633,19.440128,20.854538,11.76827,357.87894,350.21765,346.86597,347.27563,347.27563,346.42953,344.93146,345.9637,350.53775,355.42615,360.0,3.3664,360.0,360.0,191.30989,192.99461,188.97255,175.42616,162.75845
2025-11-23 03:33:29+00:00,2025-11-23 00:00:00+00:00,308.15726,307.30402,350.53775,330.25522,322.12494,32.471172,22.833694,26.564985,20.556128,333.43503,14.743609,304.43906,34.286938,336.2505,287.52567,224.9999,118.92633,212.27562,181.73567,181.61351,187.65056,183.814,183.12207,183.43356,178.53123,171.86998,214.59235,97.59455,141.34016,180.0,292.6199,69.14546,66.801384,71.564964,13.5704565,329.2159,340.9743,337.3801,328.44867,325.0079,327.52884,326.3099,319.1277,316.6683,319.15973,316.70132,314.37048,318.09415,36.86998,26.564985,54.782326,56.3099,44.999897,54.782326,47.489597,12.804273,20.224945,8.130019,357.6141,4.763556,7.7650824,357.6141,9.462248,9.865748,20.136398,15.124064,18.435053,19.23077,9.462261,331.31393,322.00122,336.3706,32.73523,12.528798,66.037506,53.13002,32.471172,35.537766,90.0,215.53777,207.64589,206.56499,224.9999,209.0545,199.9832,209.35765,240.94548,218.65984,209.7448,196.38962,194.03627,190.6196,183.814,90.0,63.435013,338.19852,299.74478,330.25522,54.46224,48.01287,22.833694,7.7650824,360.0,353.6599,352.87506,344.93146,338.9624,350.53775,354.64426,349.04596,350.53775,353.88458,346.50424,355.23645,328.5705,323.97253,303.6901,180.0,180.0,195.94547,203.19862,203.9625,204.44394,204.44394,224.9999,315.0001,343.3007,349.69522,354.80566,354.80566,352.40543,351.02744,349.69522,348.6901,345.9637,352.40543,5.19435,12.339083,16.557161,23.428713,37.405437,57.528828,68.19853,251.56496,261.87,291.80148,8.130019,26.564985,21.801476,12.528798,360.0,360.0,5.19435,9.462248,9.462248,5.19435,5.7105074,18.435053,35.537766,51.34017,90.0,210.96368,206.56499,193.62701,187.98924,183.97241,176.72958,165.73546
