forecast_day,time_of_1h,1h,2h,3h,4h,5h,6h,7h,8h,9h,10h,11h,12h,13h,14h,15h,16h,17h,18h,19h,20h,21h,22h,23h,24h,25h,26h,27h,28h,29h,30h,31h,32h,33h,34h,35h,36h,37h,38h,39h,40h,41h,42h,43h,44h,45h,46h,47h,48h,49h,50h,51h,52h,53h,54h,55h,56h,57h,58h,59h,60h,61h,62h,63h,64h,65h,66h,67h,68h,69h,70h,71h,72h,73h,74h,75h,76h,77h,78h,79h,80h,81h,82h,83h,84h,85h,86h,87h,88h,89h,90h,91h,92h,93h,94h,95h,96h,97h,98h,99h,100h,101h,102h,103h,104h,105h,106h,107h,108h,109h,110h,111h,112h,113h,114h,115h,116h,117h,118h,119h,120h,121h,122h,123h,124h,125h,126h,127h,128h,129h,130h,131h,132h,133h,134h,135h,136h,137h,138h,139h,140h,141h,142h,143h,144h,145h,146h,147h,148h,149h,150h,151h,152h,153h,154h,155h,156h,157h,158h,159h,160h,161h,162h,163h,164h,165h,166h,167h,168h
2025-11-05 01:25:25+00:00,2025-11-05 00:00:00+00:00,-2.8821032,-4.3315797,-0.90326566,-1.0307748,-0.5260088,0.46489257,1.0380088,1.7524413,1.5012951,0.84296113,0.71316975,0.2919723,-0.39410225,-0.783406,-0.59685516,0.018593216,0.18300714,-1.4690264,-3.3721972,-4.085005,-4.3144007,-4.402786,-4.402786,-4.1652656,-4.0071936,-2.774011,-2.719482,-3.184531,-4.05698,-4.6920204,-4.8300214,-5.062693,-4.9709077,-4.556566,-4.05698,-3.2310395,-2.5603962,-2.1152034,-0.94089156,0.5215862,1.6545293,2.0777807,2.2074192,-0.43193814,-0.517662,-0.27552474,-0.09431962,-0.084766105,-0.23937872,-0.87921536,-1.1719098,-1.7130826,0.1850873,0.31079522,-0.50795674,-0.61038065,0.090535976,0.5080619,-2.3393323,-1.9769807,-2.6060593,-3.308071,-3.8588238,-3.6135783,-3.088552,-2.8246758,-2.2530763,-2.0772371,-1.9893236,-1.8483363,-1.6912208,-0.79461,-0.637813,-0.639543,-0.90814626,-1.3675448,-1.315633,-1.0748204,-1.0272506,-1.0266593,-0.92924225,-0.8821769,-0.7369129,-0.6031356,-0.97917646,0.03266188,-1.4833384,-1.7030536,-1.0826343,-4.8060603,-2.1330616,-1.3259084,1.4256053,-1.3248187,-5.844597,-7.550923,-5.6400404,-9.0252695,-10.673634,-11.141495,-11.375947,-11.096851,-11.52827,-11.863841,-12.335718,-12.617993,-13.09404,-13.189308,-13.5802145,-13.627686,-13.71604,-14.401034,-16.1061,-17.937243,-18.63119,-19.975294,-19.940641,-19.85882,-19.516605,-19.474638,-19.318121,-19.442347,-19.700523,-19.872665,-20.130919,-20.774908,-21.435392,-22.028818,-22.071312,-22.113806,-21.734224,-20.819824,-20.107327,-18.887497,-16.910126,-15.469366,-14.0244055,-12.775585,-12.057025,-11.356697,-10.551964,-9.928628,-10.110696,-10.291666,-10.713534,-10.81449,-10.905405,-10.492547,-9.978596,-8.966927,-8.292538,-7.9177895,-8.018234,-7.74396,-7.4240093,-7.3046074,-7.135725,-6.8358364,-6.638794,-6.329843,-5.6698184,-4.494801,-3.4649749,-2.6706016,-1.1212441,-0.4283411,0.07447875,-0.4401639
2025-11-06 01:12:55+00:00,2025-11-06 00:00:00+00:00,-2.6772842,-1.9755418,-2.078943,-2.452512,-2.4895592,-2.770352,-3.1530619,-4.089881,-4.9254494,-4.9254494,-4.565308,-3.6496465,-2.9575596,-2.4844432,-2.0684114,-0.5383982,1.1880655,2.1754994,1.8886709,1.7312012,1.0130707,1.2223176,1.9815085,1.4231868,0.9142897,0.50223255,-0.07170109,0.36045602,-0.3750756,0.60362554,0.80345565,-1.8019801,-1.9408221,-2.8526473,-2.5888386,-2.7440236,-2.732715,-2.4886897,-2.4374552,-0.7900421,0.18858416,-0.77128214,-1.3243943,-2.318406,-2.2308033,-2.318406,-2.1130176,-1.0184529,-1.098375,-1.7001818,-0.7800345,-0.3615878,-0.57586664,-0.902671,-1.3620036,-1.5072527,-1.6551225,-1.8535367,-2.0449488,-1.9812964,-1.5523231,0.9314397,1.581997,2.4001448,2.773822,-1.170509,-3.5468724,-2.7506902,-1.8421155,-1.088488,-0.7733202,1.7314972,-3.0551445,-4.824619,-5.7036877,-7.111586,-8.513396,-10.133535,-10.138264,-10.897853,-11.23228,-10.684138,-10.780308,-12.141477,-12.879601,-13.149497,-13.637591,-13.61381,-13.900604,-13.452533,-12.513351,-11.52516,-11.18681,-11.007763,-10.614322,-10.923982,-11.031581,-10.778205,-10.874564,-10.874564,-11.155449,-11.129228,-11.411257,-11.334508,-11.491983,-11.599287,-11.9611635,-12.460358,-12.9278345,-13.457996,-13.664313,-13.546957,-14.160702,-14.487393,-14.54846,-13.846339,-12.9279785,-11.532961,-10.905766,-10.719609,-10.660478,-10.4043865,-10.006988,-9.565536,-8.503411,-7.4748383,-6.476326,-5.919806,-5.369361,-5.007986,-4.703615,-4.9295654,-4.8203173,-4.760659,-4.6686263,-3.9712338,-2.733257,-1.3089709,0.025768228,0.49910873,0.41305566,0.25144637,0.51442564,0.65653944,0.5689646,0.52458584,0.55083036,0.6900994,0.32014,0.08889257,-0.04986378,-0.14237228,0.12537432,0.29567784,0.27498278,0.20222032,0.35783622,0.45135483,0.7786497,1.1129793,1.563218,1.7334971,1.3706543,0.7887775,0.41709194,0.24352011,0.25103787,0.4325947
2025-11-07 01:09:15+00:00,2025-11-07 00:00:00+00:00,1.6152086,1.1378624,0.07251072,-0.16289853,-0.71171707,-0.8402271,-1.2187898,-0.88826424,-0.018125238,-0.7205277,0.9937566,0.0050935354,-0.27650878,-0.005928353,-0.3750756,-1.6865122,-1.6621164,-0.8504233,-0.7332525,-1.2692614,-2.1741512,-2.617436,-3.1826532,-4.0066996,-5.28636,-5.612695,-5.033043,-4.10985,-2.6710734,-1.2262651,-0.33658513,0.04041716,-0.22138366,0.0054593044,2.5149465,2.5301747,2.3504193,1.5086677,0.1762727,-0.06739588,-0.11277527,-0.5117884,1.5138713,-0.2982665,2.4228296,2.7682135,1.3343188,-2.8038566,-3.243905,-4.0921206,-4.59894,-4.5152574,-5.019961,-7.808962,-9.00144,-9.665251,-10.011002,-10.057418,-10.198879,-10.351208,-10.758932,-11.21637,-11.53443,-12.700562,-14.105532,-14.860707,-15.243438,-15.146358,-14.533272,-14.401927,-14.220751,-13.986357,-14.376999,-14.295645,-14.706033,-14.979663,-15.401499,-15.647259,-16.26178,-16.740875,-17.101055,-17.508224,-17.833101,-17.642933,-18.0122,-18.434015,-18.909544,-20.457525,-19.25944,-15.893876,-13.137291,-10.583146,-8.898827,-7.697022,-6.9323044,-6.3972225,-6.23279,-5.847326,-5.7401137,-5.829683,-6.270691,-6.22036,-5.7734723,-4.244086,-4.406476,-5.233668,-5.196808,-5.4495964,-4.5369134,-2.9126308,-2.2530763,-1.1885186,-0.8468321,-0.60981226,-0.1904962,0.41709194,0.7208038,1.3571044,2.1091468,2.612927,2.5292573,2.308146,1.9383825,1.6148022,1.6084425,1.6426967,1.8816742,2.0550544,2.3995843,2.5664346,2.3657074,2.2362647,1.8589354,1.5074301,1.1998581,0.8915949,0.26444048,-1.0232339,-2.250773,-3.0963275,-3.512786,-3.6427448,-3.4576206,-3.6462011,-3.713138,-3.8737502,-4.326532,-4.4217443,-4.4800005,-4.753209,-4.728874,-4.7575135,-4.7474236,-4.4703465,-4.2618155,-3.824908,-3.338089,-3.0104473,-2.6453826,-1.9815856,-0.59942496,1.3030585,2.5675232,3.0178316,2.929902,2.6871967,2.9278128,2.813575
2025-11-08 01:02:47+00:00,2025-11-08 00:00:00+00:00,0.8977227,1.4178481,0.9539061,0.6034629,0.3220688,0.35232067,0.28270411,0.03899848,0.064041436,0.48550013,1.173154,1.573969,2.0286968,2.2778258,2.5819514,2.7920716,0.9273941,1.6250665,1.7921069,1.3330535,1.449044,1.8761228,1.6304141,2.0813248,0.9913193,-0.7912287,-2.6800528,-3.7471063,-4.2024837,-3.649046,-3.6779478,-4.963554,-7.431541,-8.934039,-10.079559,-10.702029,-11.51284,-11.675319,-11.190487,-10.859108,-11.04008,-10.88398,-10.969859,-14.669917,-14.528357,-14.352574,-14.616252,-14.12042,-13.885326,-13.526201,-13.636157,-14.124742,-14.354983,-14.215152,-14.143268,-13.675771,-13.369071,-13.292001,-13.386063,-13.744609,-14.2368765,-14.604037,-15.214595,-15.46155,-15.849353,-16.558716,-18.67316,-18.983128,-13.721067,-11.483804,-9.853058,-9.287509,-9.560576,-9.477257,-8.725509,-7.5999956,-5.937462,-4.7575135,-4.252349,-4.195102,-3.983225,-3.4677732,-3.2461617,-3.4683964,-3.3795002,-3.490813,-2.966969,-1.9132801,-0.71505165,0.51442564,0.5701413,0.95332336,1.3689237,1.5087357,1.104593,0.3878022,-0.11272969,-0.45829067,-1.1895783,-2.1733963,-3.2054205,-4.013096,-3.998477,-3.686193,-3.2893124,-3.2604866,-3.3766162,-3.7022097,-3.7316725,-3.4785156,-3.626247,-3.3252654,-3.826783,-4.81688,-5.970902,-6.8270326,-7.168911,-6.9119153,-6.616282,-6.6360335,-6.5056763,-6.402757,-6.3223786,-6.2516613,-6.325351,-6.4086323,-6.4557734,-6.46602,-6.4842296,-6.510087,-6.634902,-6.7213273,-6.813171,-6.8181343,-6.8032336,-6.365127,-4.917652,-3.0380664,-1.5391225,-0.59633666,0.34159943,1.2326233,1.8827502,2.1644115,2.2053356,2.3886192,2.7945192,2.881757,2.5948873,2.4036317,1.8182802,1.0329939,0.042168442,-1.1123348,-2.4245663,-3.5575202,-4.6429973,-5.2117,-5.2333975,-4.801899,-3.993844,-3.503398,-3.464312,-3.0912843,-2.6045916,-2.1164331,-1.5887898,-2.208801
2025-11-09 01:08:00+00:00,2025-11-09 00:00:00+00:00,-1.2906512,-2.3266912,-2.7712674,-4.139359,-4.933965,-6.009705,-6.65774,-7.1207504,-7.4090877,-8.166782,-8.50875,-8.6467905,-9.326357,-9.554163,-10.081114,-10.100909,-10.128108,-10.157394,-10.915291,-11.369894,-12.773098,-12.501939,-11.646671,-12.440196,-12.329941,-11.185462,-10.94991,-11.164806,-10.772132,-10.829137,-10.931337,-10.952614,-11.420992,-11.894986,-12.372839,-11.928204,-11.992042,-11.646179,-10.911578,-11.2959795,-12.358878,-13.359788,-13.324103,-17.095194,-16.068419,-13.470563,-10.777462,-10.554181,-10.684761,-10.533803,-9.830393,-8.24949,-6.6824017,-5.3984227,-4.6659675,-4.299816,-4.5006022,-4.0702424,-3.7887692,-3.7819033,-3.8684814,-3.602395,-3.04785,-1.5135905,-0.21697505,-0.060279343,0.28691334,0.8762223,1.1288539,2.3759618,2.4448955,2.556131,2.6177745,2.3828878,2.1634495,1.8296912,1.0269728,0.27881587,-0.23557161,-0.09832576,0.57578653,0.40162483,0.17686655,0.25966266,0.5092141,0.6500919,0.9542366,1.4109731,1.6148022,1.8256782,1.4624857,0.743442,0.050035544,-0.17290717,0.17309265,-0.021063944,0.0445027,0.34213683,0.34220523,0.7053948,0.9694307,1.1998581,1.4950786,1.4116205,1.3158101,1.5074301,1.958642,2.101722,2.0967116,1.9999764,1.8589354,1.7870306,1.7997106,1.6101424,1.5022697,1.0849708,0.98108715,0.8131626,0.9636635,0.48364365,0.24435437,-0.47466442,-1.1356695,-1.359801,-1.28384,-1.1268182,-0.61038065,-0.16730705,0.58695126,1.2000319,1.5228963,1.984069,2.9055536,4.457306,6.223703,7.396558,7.681213,7.3033557,6.3784957,5.845525,5.1726856,5.304984,5.756162,6.2509384,6.3773355,6.7356243,7.0672183,7.160531,6.393452,5.081652,4.119996,4.4270916,5.238137,5.5080476,4.81413,3.5795107,2.34374,1.2679049,-0.07160252,-1.3846787,-3.004237,-4.7694683,-6.7918687,-8.597161,-10.9851055,-12.177108,-11.903867,-11.399064
2025-11-10 01:13:09+00:00,2025-11-10 00:00:00+00:00,-9.79541,-10.1765995,-10.40915,-10.261472,-10.211603,-9.673845,-10.049674,-10.031795,-10.271648,-10.667075,-10.98056,-11.142248,-11.25882,-10.976589,-10.619606,-9.947011,-9.444978,-10.850368,-12.803861,-15.215522,-10.765212,-8.10377,-6.8881745,-7.2660503,-7.687504,-8.082089,-8.573188,-9.025621,-8.308876,-7.5266113,-6.9496107,-6.6706944,-6.1370525,-5.859626,-5.8939905,-5.804566,-5.571107,-4.6580772,-3.9004722,-2.16307,-0.38926733,1.0552888,2.0872586,1.4149927,1.5923458,1.2435976,1.5309335,1.3721437,0.86241364,0.6900994,0.31079522,0.48218635,1.1686391,1.4115282,0.62319267,-0.56980103,-1.5039346,-2.2563238,-2.6783593,-2.5889726,-2.5162652,-2.3643942,-2.1070652,-1.8421155,-2.113444,-2.4287558,-1.8244542,-1.1885186,-0.7899948,-0.30375603,0.880461,0.82097626,0.5541982,0.40350252,0.22842096,0.404596,0.46230605,0.51548296,1.0329939,1.4109731,1.9156078,2.1512444,2.4992611,2.572105,2.7306278,2.7788386,2.5612211,2.3045223,1.9897616,1.5073159,1.0166196,0.9587527,0.7267601,0.49910873,1.4882296,0.5723628,0.028999098,-0.23937872,-0.5645591,-1.0140824,-1.0817269,0.09004328,0.31146106,0.32069215,0.36672047,0.090535976,-0.13963847,-0.3698314,-0.50795674,-0.50795674,-0.5151707,0.16023585,0.97002286,1.6366781,3.0104754,3.7167742,4.3392425,4.89131,5.267202,5.199535,5.4952984,6.5548625,7.8216386,8.330706,7.491881,5.7531967,4.294725,3.0423672,1.7786621,0.8356773,-0.16017914,-1.1139832,-0.86674327,0.4951251,1.7399082,2.2259452,2.0511763,1.5074301,1.2679049,1.3323733,1.3848493,1.1733389,0.5607964,-0.82887226,-2.0538864,-3.0003986,-3.967438,-4.482885,-4.4721093,-4.01678,-3.6091793,-3.1976674,-3.0544465,-2.9279988,-3.3526194,-3.9545898,-4.5115623,-4.9300337,-5.2109017,-5.355113,-5.470283,-5.419961,-5.2184052,-4.848623,-4.308133,-3.8638291,-3.562665,-3.4053705
2025-11-11 01:06:09+00:00,2025-11-11 00:00:00+00:00,-10.630837,-9.115256,-8.935128,-7.778446,-6.720562,-5.204127,-4.267054,-3.9013696,-4.12631,-3.9413412,-3.3788123,-3.1881502,-2.5357707,-2.2903037,-1.8872455,-0.3706189,0.8810737,1.6487108,2.3463986,3.2913966,3.5629656,1.8204464,1.1935484,0.52215075,0.30171898,-0.16503511,-0.90642446,-0.6094386,-0.39673942,-0.52961206,-0.3549081,-0.21038336,-0.27882093,-0.15597066,-0.28424332,-0.4624894,-0.6303102,-1.1114163,-0.94849616,0.5264034,1.4534721,2.0758846,2.3074732,0.5520375,0.091499165,0.11932879,1.3084992,0.6040815,0.24283575,0.035944525,0.00051452196,0.042640388,0.032658383,0.109839015,0.13529564,0.45135483,0.94060165,1.0801237,1.1586822,1.3165554,1.2474327,1.3650025,1.5804347,1.7872281,1.9383825,2.0648975,2.117462,2.0377445,2.4204278,2.3015852,2.894706,2.8593354,2.8498921,2.5812066,2.4146707,2.3828878,2.1487246,1.7740312,1.58667,1.0887,0.5279621,0.042640388,-0.7907697,-1.626125,-2.1977181,-2.7874312,-2.6064274,-1.9576957,-1.9983119,-1.7858824,-1.9631569,-1.506702,-1.2173029,-0.59763306,-0.7988299,-0.7627194,-0.26723534,0.08750498,0.74504966,2.3015852,3.0732248,3.9643855,4.3813767,4.8740025,5.451901,5.6994843,5.9679246,6.1081405,5.9407616,5.5834384,4.9892654,4.5558796,3.062844,1.2259688,0.85094887,1.072353,2.3083124,3.3933916,3.1434827,2.3054342,1.9373461,2.2925642,2.7592194,2.9518697,2.7570477,2.3856394,2.183448,2.1487246,1.9755191,1.8555894,1.8415533,1.8906488,2.0992365,2.2914696,2.4654303,2.7468748,3.198683,3.3466146,3.4489925,3.020963,2.4560368,2.0724354,1.7786621,1.7461299,1.3488442,0.81650543,0.32069215,0.00051452196,-0.23021723,-0.23021723,-0.32251388,-0.37365484,0.042168442,0.51548296,1.6509373,2.677096,3.5268252,3.8522508,3.76866,3.88012,4.138044,4.493576,4.740857,4.507637,4.0889153,3.7666686,3.8642545,4.0878615
2025-11-12 01:08:02+00:00,2025-11-12 00:00:00+00:00,-0.7008457,-0.75213456,-1.0084828,-0.9993776,-1.1327052,-0.8227195,-0.869193,-1.140752,-1.0689458,-1.1167212,-1.1693047,-1.1383197,-1.6222218,-2.0946352,-2.2727118,-0.9096697,0.18791161,0.868382,0.6819867,0.64683324,0.6305555,-0.0505917,0.53376955,-1.4904714,-1.8766683,-1.8874604,-1.8625667,-0.7941417,-0.44406822,-0.65079504,-0.71963674,-0.8621605,-0.8621605,-0.17275287,0.3761235,0.36157343,0.2893767,0.91630894,1.1132387,2.7748682,3.538028,4.902083,4.3870053,0.50387245,0.49910873,0.7572331,1.7067521,1.2195156,0.70132667,0.46900067,0.36071816,-0.13501957,-0.6994059,-0.96912533,-1.2388779,-2.11579,-3.6577308,-3.8364093,-3.5724242,-3.7484097,-3.6577308,-3.5694263,-3.2162535,-2.3979936,-1.2464868,-1.5812846,-1.8745092,-2.1181192,-1.4698197,-1.0148168,-0.92988795,-1.5056142,-1.6123046,-1.8247794,-1.7822846,-1.9947854,-1.9522792,-2.9099772,-3.4152806,-3.3513272,-2.972695,-2.5586278,-2.275356,-2.0118182,-1.7871846,0.25086325,1.4569333,2.3033898,2.65226,2.3347688,2.1306672,2.489786,2.4472592,2.5815032,2.7477603,3.2650688,2.9055536,3.000857,2.7417846,2.6170373,2.5338304,2.1955583,2.158405,2.111474,2.0223703,1.9713324,1.9713324,2.0102131,1.9977667,1.9338409,1.8589354,1.8415533,1.7401993,2.0438416,2.3068473,2.3559313,2.3836238,2.3836238,1.9439869,1.1539053,0.3571495,-0.5586932,-1.3828996,-2.2705977,-2.6373913,-3.0500946,-3.2264016,-3.640558,-4.3781366,-5.069787,-6.3142776,-8.126724,-8.057206,-5.493167,-3.0476563,-1.6398621,-1.1168827,-0.9267804,-0.87689465,-0.87689465,-0.87689465,-1.0172266,-1.1090785,-1.2520729,-1.6446677,-2.434778,-3.2778745,-4.2154365,-4.8594155,-5.5978026,-6.2410336,-7.032728,-7.873933,-8.566713,-9.111055,-9.548695,-9.592081,-9.092986,-8.26515,-7.205154,-5.6400404,-3.8155274,-2.4297218,-1.7296832,-1.314682,-1.3065288,-1.8979136,-2.938937
2025-11-13 01:25:28+00:00,2025-11-13 00:00:00+00:00,-1.2750604,-0.9349831,-0.7500491,-0.12920834,0.14871763,-0.09004889,-0.23331405,-0.36410522,-0.39690778,-0.15636754,-0.73066276,-0.92299134,-0.97223747,-0.28040668,-0.13739514,1.4169796,2.6199803,2.957891,4.9859395,5.929449,5.318014,5.270433,5.2822084,4.0986085,3.9943535,3.8388371,2.8095176,1.6941844,0.9858878,0.14352015,-0.4645062,-0.005928353,-0.16010158,-0.89373696,-1.0352017,-1.547184,-3.0730422,-4.103188,-4.695571,-2.3955293,0.21445085,1.5376164,2.7185106,-1.6266934,-1.6318606,-0.77016,-0.80673367,-0.68689644,-1.3762337,-1.5038006,-1.6966876,-2.0406563,-2.101518,-1.8366513,-2.275356,-2.4734955,-2.6899595,-2.9064515,-3.2528996,-3.3395233,-2.4936206,-0.63086474,1.5228963,2.5091753,4.073068,3.5696855,3.1577,3.521613,2.8328242,2.8853273,3.1494725,2.5392265,2.0682304,1.5482584,1.4425448,1.4115282,1.2220281,1.1124839,1.0283694,1.0418428,0.9909252,0.962409,0.40552953,-1.7415859,-3.817414,-5.7791834,-7.4071684,-9.433122,-9.6571245,-8.980076,-7.6297946,-6.714399,-5.8050747,-5.630186,-6.0674386,-7.7142873,-8.593232,-9.340679,-10.291666,-11.271137,-11.829427,-12.70322,-13.932725,-14.956903,-15.855126,-16.067688,-16.32281,-15.511983,-14.325152,-12.244614,-6.3712573,-3.6721926,-4.6641393,-7.0866733,-8.343821,-9.243863,-8.763842,-8.021868,-6.7703867,-5.296057,-4.6489553,-4.238219,-4.1185765,-3.9562726,-3.9562726,-4.1091733,-3.8158276,-3.0190704,-2.2171543,-1.5470434,-1.244565,-1.3467574,-1.1526513,-0.85438776,-0.4530422,-0.20908566,-0.11506812,-0.06617518,-0.32274672,-0.118927225,0.17686655,0.31856272,0.5092141,0.49071038,0.028837556,-1.087957,-2.3695009,-3.1493127,-2.8106632,-2.2851613,-1.5523231,-0.91002774,-0.41949087,-0.056879777,0.044777732,-0.1039896,-0.15379103,-0.21477202,-0.20802361,-0.09204383,0.17282516,0.42023417,0.26444048,0.26554427,0.5703842,0.77059555,1.1595285,1.1113694
2025-11-14 01:08:36+00:00,2025-11-14 00:00:00+00:00,0.48135787,1.2510518,1.9906147,1.7071332,0.836999,1.3517697,1.3924788,1.1587403,0.5138329,-0.7780459,-1.5150847,-2.692554,-2.622811,-2.4499664,-2.6248875,-1.2750604,0.64683324,2.052846,2.1817536,1.8308952,1.3828588,1.6997075,2.2247279,0.55290365,-1.2269529,-1.7815151,-1.8077959,-2.0631669,-2.4602458,-3.0136757,-2.7850974,-1.0607731,-0.25523815,0.29512504,1.6672505,2.829729,3.0610695,3.6046302,4.7657695,5.4843354,7.371114,7.7597756,8.037959,3.6057997,2.681786,2.1624901,1.9593146,2.3068473,2.4146707,2.3045223,2.0657558,1.9503756,1.6964335,1.5328642,1.3816308,1.1257936,0.97768265,0.73189497,0.2955452,-0.4477422,-1.8435031,-2.7964554,-3.924367,-4.5255327,-4.51119,-4.433442,-3.871664,-2.8759305,-2.2499115,-2.2499115,-2.3911037,-2.7421792,-4.5234957,-6.715865,-6.9384904,-7.348911,-7.2056723,-6.9833975,-5.573016,-6.3296804,-8.631257,-7.493593,-3.5307271,-0.7734781,-0.6038883,-1.5036435,-2.0297642,-3.4029882,-4.981718,-2.1998034,-1.1939071,-0.89989704,-0.85024613,-0.94701946,-0.85024613,-0.5687754,-0.661153,-1.3258681,-1.689332,-2.0037389,-2.1223986,-1.9751289,-2.0865483,-2.2487612,-2.5784593,-2.9154654,-3.43546,-3.612847,-3.6612515,-3.43546,-3.3869836,-3.3224225,-3.8601687,-4.213996,-4.1475887,-4.238219,-3.9540055,-3.7877502,-3.5357103,-3.2984214,-3.2115872,-3.1354373,-3.2900312,-3.2415555,-3.2115872,-3.110217,-3.1643655,-3.2631826,-3.327181,-3.5194588,-3.5197976,-3.6182847,-3.5703077,-3.475043,-3.389377,-3.0180414,-2.3343418,-1.4339724,-0.6243253,-0.0317556,0.5004193,0.829306,1.0561838,1.0189923,1.1741934,1.5324107,2.0287168,2.3746853,2.7696035,3.213667,3.413202,3.5129693,3.41733,3.41733,3.41733,3.5628529,3.612737,3.6626208,3.762388,3.8621552,3.9155774,3.8678339,3.8166106,3.6676786,3.419456,3.0719419,2.7246091,2.275152
2025-11-17 01:14:41+00:00,2025-11-17 00:00:00+00:00,1.6046606,1.7500883,1.609479,1.7147144,1.8690476,1.4353511,0.95195514,0.26801544,-0.5198566,-0.25290963,-0.2017104,-0.490647,-1.3209691,-2.3582277,-3.5183134,-4.4160376,-4.1908584,-1.2177104,-1.9089525,-0.41767484,-0.51570106,-0.22969878,-0.041243438,0.9205911,0.611007,1.2283306,1.0388438,1.1621134,1.5086677,1.7651987,1.2300166,0.29137594,1.5264204,1.173154,0.07669131,0.12570632,-0.07035599,-0.52171046,0.07669131,0.20524244,0.68182015,0.8415426,0.96661127,0.7053948,0.7902815,0.97768265,0.98496157,1.049725,0.9948189,1.1564955,1.1418842,1.202392,1.471444,1.5588424,1.6569952,1.7367276,1.8629739,1.6444987,1.5139883,1.5139883,1.5956265,1.839989,2.253964,3.065738,3.6706455,4.474257,4.8994164,4.972748,4.8175054,4.643258,5.095416,4.756704,4.7856073,4.840386,4.91556,4.7306194,2.9597743,1.0329939,1.743915,2.1780467,2.391875,2.5320046,2.648155,2.693159,2.741958,2.6707795,2.7907562,2.820082,2.9649355,3.2070563,3.219087,3.3168943,3.332016,3.248543,3.4949715,3.5773118,3.4353175,3.4363806,3.147787,2.6200807,2.1993308,2.2238896,2.3898852,2.2798269,2.491259,2.5573778,2.465769,2.3225057,1.9758384,2.0282717,1.9291004,2.3248174,2.3385437,2.3414981,1.8208693,1.5621066,1.13785,0.9367461,0.92326266,0.8087831,0.56426525,0.59090245,0.4335639,0.58135724,0.5547622,0.6200116,0.8255209,1.0646582,1.2406971,1.4316632,1.7564595,1.9109969,2.0051382,1.6604941,1.002427,0.5916267,0.20397395,-0.28364468,-1.1765945,-1.8898588,-1.6750894,-1.7604879,-1.651201,-2.0772371,-2.3429034,-2.7864873,-3.1890097,-3.5468724,-3.3530734,-3.1494813,-2.7207837,-2.2120388,-1.5413965,-1.1751199,-1.0041194,-0.8208284,-0.703473,-0.5832931,-0.35556293,-0.18884341,0.032658383,0.15169749,-0.19457301,-0.6133762,-0.802906,-0.8468321,-0.8476221,-0.70672286
2025-11-19 02:48:48+00:00,2025-11-19 00:00:00+00:00,2.2031982,2.3955555,2.4558926,2.6131968,2.7746515,2.7746515,2.7195017,2.4721987,2.1803722,2.33223,2.33223,1.8868923,1.4396842,2.0854795,2.5322454,3.3193944,4.332977,5.169317,5.862949,6.5436034,6.6159005,6.5985956,6.0824914,5.153189,5.072029,4.229862,4.1203694,4.133184,4.062207,3.7650847,3.1708293,4.222479,5.416816,5.9144487,5.163428,4.6695647,3.971996,2.7025623,2.7784934,3.0287511,2.4976385,2.8212407,3.0898829,2.8768334,2.6341126,2.5674474,2.17077,1.034597,1.2769948,0.32173714,0.5145114,0.5435831,0.60420245,0.41422385,0.29586944,0.33351567,0.29938143,0.3688602,0.27356258,0.4113089,0.3147016,0.36300492,0.36788863,0.45943117,0.3276757,0.449855,0.31848115,0.24255243,0.11903509,0.16297644,0.67613,0.4032947,0.31079522,0.27498278,0.015564022,0.0305044,-0.0062801163,0.045946527,0.18681265,0.56164765,2.4514468,3.9357853,4.080389,3.9801502,3.6369386,3.547585,3.654918,3.3598404,2.788346,2.2042685,1.6199012,0.9972088,0.7887775,0.7887775,1.0668226,-0.14976968,-1.1039973,-2.4808064,-2.993068,-3.0137064,-3.2400029,-3.4210563,-3.4683404,-3.387464,-3.3139188,-3.43041,-3.5087276,-3.4101038,-3.3699508,-3.3997092,-3.125709,-2.3999734,-2.243086,-2.0323339,-1.7190287,-1.5867944,-1.8574612,-1.5395907,-1.1771731,-1.2905402,-1.3420471,-1.4377787,-1.5631921,-1.5247341,-1.6066092,-1.5061566,-1.6468014,-1.7874517,-1.6918424,-1.8327783,-1.8828049,-1.7601238,-1.7601238,-1.5600783,-1.5530381,-1.3084719,-0.8302033,-0.44077238,-0.3603906,-0.6856844,-0.73904145,-1.0062648,-0.8111988,-0.75809157,-0.94101113,-0.95167404,-0.8055595,-0.7992214,-0.8938467,-0.8603842,-0.7924327,-0.8831679,-0.92924225,-0.97849846,-1.0790989,-1.1828837,-1.1345694,-1.3620036,-1.5290873,-1.3022332,-0.8426725,-0.44077238,-0.4176507,-0.038405467,0.9342291,1.8423004,2.3657312,2.3912709
2025-11-20 02:47:34+00:00,2025-11-20 00:00:00+00:00,3.3938732,2.3018613,2.084651,2.546711,2.8389819,2.7897127,2.5216596,2.728909,4.270826,5.211819,5.461528,5.165606,4.3717723,3.7734203,3.5251987,3.1646407,3.2059596,3.3011506,3.1403074,2.8661895,2.430435,2.3551536,1.9816446,1.206043,1.0020524,1.748598,1.6936706,1.9861857,1.092575,0.49650759,0.73883814,1.516096,1.8065,1.6064999,1.3565,1.1065,0.95649993,0.80649996,0.6565,0.70650005,0.59365153,0.14193343,-0.27882093,-0.34890786,-0.3395944,-0.70512563,-1.4063028,-2.7193892,-3.3609397,1.1214169,1.1740941,1.2220281,1.1929554,1.5074301,1.7147503,2.4881454,3.4851737,4.3321667,4.527609,4.59612,4.4671264,4.2027364,4.309754,4.394904,4.2227883,3.408397,3.197865,3.0636919,2.6572301,2.4694495,2.0388966,2.113446,1.6886392,1.3384056,1.1450582,1.1595285,1.2461609,1.1650742,1.4109731,1.315773,1.2158612,1.1586822,1.002427,0.6705991,0.11769528,-0.80025923,-1.7114843,-2.178906,-2.7050776,-2.907281,-2.8002899,-2.267088,-1.918054,-0.6577438,0.34301218,0.023624232,-0.23959939,-0.1379218,0.85543823,2.3611436,3.6627016,4.0813994,4.273191,4.8515596,5.529589,6.5795155,6.881548,6.804879,7.197523,7.7080207,8.027527,8.284286,8.433199,8.532474,8.374554,8.336087,8.158428,8.0572,8.10931,8.187936,8.126677,7.8871837,7.3334594,6.986422,6.5316596,6.284081,5.977222,6.1255813,6.372845,6.422298,6.383112,5.986984,5.39278,4.204331,2.6141512,1.0189923,-0.54459035,-3.0748656,-6.1879964,-8.0654,-9.032868,-9.736514,-10.095291,-9.879485,-9.953995,-10.447661,-10.761875,-11.121032,-11.244713,-11.333176,-11.219566,-11.13661,-10.857397,-10.8862095,-10.938744,-10.824921,-10.874564,-10.874564,-11.10661,-11.187516,-11.652593,-13.188617,-14.7558775,-15.515097,-15.712691,-15.302621,-15.232037,-15.240801
2025-11-21 02:47:02+00:00,2025-11-21 00:00:00+00:00,1.7286981,0.8441167,0.58109045,-0.06033356,-0.15901612,-0.35087702,-0.7955256,-0.94374394,-0.89028794,-0.7485047,-0.5212091,-0.5315621,-0.6314483,-0.7313346,-0.43167576,0.20650002,1.340773,2.1218274,2.542185,1.8838624,1.9874928,2.430435,2.823285,2.6742933,3.021918,3.3693275,3.4802473,3.5634415,3.3047516,2.9375193,3.0360563,2.8389819,2.9375193,2.740444,2.4448256,2.307889,1.9625418,1.6252203,1.3840325,3.0083737,4.5828185,5.2374964,4.191128,3.3769755,2.1647608,0.39205694,-0.10928489,-2.3387477,-2.6010797,-1.5671319,-1.4975305,-1.1855657,-1.1751199,-1.2238288,-1.2299592,-1.4185951,-1.5238577,-1.6183625,-1.9845558,-2.3064902,-2.865947,-3.006643,-3.150861,-3.0414155,-2.9293716,-2.5168703,-2.4302073,-2.7856488,-2.845105,-3.4783354,-3.177421,-3.00059,-2.565762,-1.6287888,-1.1128862,-0.45829067,0.5541982,1.5013213,4.998621,7.31242,7.993127,8.135374,8.176253,8.234648,8.539822,8.639218,8.788317,9.08651,9.192239,9.366036,9.415608,9.415608,9.339793,9.126208,8.7969675,8.533621,7.8572497,7.148332,6.254817,-1.3879921,-1.9816973,-5.057555,-4.10007,-5.1237283,-6.2108307,-6.620941,-10.846043,-10.503223,-10.45876,-10.299195,-10.208251,-7.835382,-9.0769615,-10.502065,-11.141694,-12.161911,-11.9499655,-12.161911,-12.397874,-12.560495,-12.461018,-12.127454,-12.082273,-11.673765,-11.448946,-11.09488,-10.684776,-10.377256,-9.963534,-9.533177,-9.226057,-9.084014,-8.857231,-8.857231,-8.761094,-8.9402685,-9.182363,-9.727245,-10.178607,-10.60125,-10.8862095,-11.225352,-11.071051,-10.73366,-10.600712,-10.659226,-10.581032,-10.553889,-10.5779505,-10.400742,-10.436014,-10.231344,-10.181302,-10.086482,-10.134328,-10.182174,-10.276837,-10.474957,-10.5430565,-10.648246,-10.824921,-11.363349,-11.81004,-12.243797,-12.638649,-12.594136,-11.920418,-11.455351
2025-11-22 02:43:06+00:00,2025-11-22 00:00:00+00:00,-1.6387578,-1.9588703,-0.02546653,1.7057585,1.6171892,1.5678524,1.3847009,1.8269819,2.1050503,2.0069013,2.170968,2.2692485,2.0381188,1.4593952,1.5086677,1.6279591,2.1109674,0.92925966,0.20319098,0.07548048,-0.24876258,-0.5348427,-0.37955022,-1.0615921,-1.3099308,-1.504431,-1.361314,-1.224917,-1.0586802,-1.7038708,-2.055736,-2.391101,-2.433628,-3.792788,-4.3211794,-2.1540465,-2.5704255,-3.4998124,-2.1291993,-0.66648453,0.5819489,1.345732,1.7594935,2.2132602,2.059902,2.1788018,2.7166593,2.119105,2.3499975,0.023624232,1.3331605,3.3784032,4.4496193,4.867851,6.1527076,8.01107,7.7832193,7.7632995,8.1321,8.4975395,8.5166,8.434854,8.561709,8.583004,8.467281,8.546793,8.525589,8.525817,7.3672476,6.875458,7.076843,7.1032867,7.2013974,7.4897256,7.714315,7.955758,7.678174,7.727495,5.4737215,2.8006914,1.9085522,-0.17690127,-0.98962855,-1.6097393,-2.8585238,-4.5323534,-4.569825,-5.883342,-7.4483757,-8.184536,-8.497564,-8.453003,-8.858782,-9.824491,-9.255273,-7.972521,-5.96251,-5.9692354,-5.0650835,-4.2596083,-4.873312,-2.932888,-2.4808664,-3.8795621,-3.6351783,-4.647705,-4.4298387,-5.086608,-6.242573,-6.2271814,-5.818158,-5.7036877,-6.605656,-6.838739,-6.9058414,-7.0813794,-7.2452207,-7.270988,-7.5242934,-7.646729,-7.8570986,-7.884138,-7.9018083,-7.922156,-8.042128,-8.213516,-8.387821,-8.564977,-8.79371,-8.976454,-9.259714,-9.5458555,-9.741815,-10.002465,-10.187996,-10.347243,-10.617779,-11.199855,-12.141205,-12.77643,-13.226837,-13.226837,-12.518249,-12.021493,-11.576819,-11.450361,-11.101379,-11.089771,-11.136728,-11.23228,-11.280056,-11.423644,-11.67177,-11.729195,-11.729195,-11.979489,-12.0434675,-12.398526,-12.832065,-12.966349,-12.735017,-12.280757,-12.06007,-11.3561945,-10.646962,-10.103093,-9.819378,-10.162981
2025-11-23 03:31:49+00:00,2025-11-23 00:00:00+00:00,-3.2197628,-3.5267472,-4.1293683,-4.684778,-4.807044,-5.0923457,-4.9154716,-4.6816964,-3.8584201,-3.7125542,-4.86519,-5.6570177,-4.3502703,-4.717297,-5.209806,-3.8542714,-2.030638,-0.42958516,0.20526323,1.1935484,1.8531363,2.8387108,3.454969,3.102999,3.2771275,3.2979345,3.1034133,3.5072813,3.5142393,3.9468882,3.5287323,4.302179,3.996282,4.904037,5.597286,5.14293,3.996282,3.0360563,2.4976385,2.6219587,3.2004316,2.6489155,2.193492,1.5327148,1.7011728,2.1870747,2.5457468,1.624778,1.2262254,0.9858614,0.79732835,0.56426525,0.28198838,0.16501758,0.5567091,0.92117697,0.8367329,0.6450915,-0.6641028,0.70112246,0.08041721,-0.84873545,-3.2424302,-4.6786976,-5.6194363,-6.0075684,-6.546422,-6.1024666,-6.1479077,-6.0075684,-5.865637,-6.156624,-6.436539,-5.8751755,-5.543841,-6.086062,-5.5977807,-6.2273593,-6.4655995,-6.7432704,-7.078944,-8.127751,-8.7056265,-9.343127,-9.784098,-9.86578,-9.760918,-9.869017,-10.415196,-10.945659,-11.830242,-12.24436,-13.082674,-13.430022,-13.6496315,-13.350986,-13.49487,-13.40552,-13.022932,-12.827874,-12.551109,-12.641236,-12.673308,-12.74592,-12.735017,-12.548007,-12.412808,-12.504622,-12.421551,-12.390477,-12.436602,-12.472542,-12.6032095,-12.238075,-12.33364,-12.389254,-12.373902,-11.995753,-11.685486,-11.679265,-11.830063,-11.974511,-12.155742,-11.991755,-11.971428,-11.632257,-11.27135,-11.053141,-10.446509,-10.149735,-9.857103,-9.568463,-9.283665,-9.096154,-9.096154,-8.628304,-7.5097623,-6.1854534,-4.95665,-4.2478237,-3.554745,-3.1967092,-2.9723065,-3.1167135,-3.17892,-3.1935616,-3.1878107,-3.146105,-2.9836094,-2.7951171,-2.7460272,-2.5593936,-2.6082857,-2.4935544,-2.4935544,-2.4935544,-2.5593936,-2.7249327,-3.184056,-3.2740202,-3.2370627,-3.367085,-3.384897,-3.498597,-3.498597,-3.4393942,-2.9656477,-2.5314386
