forecast_day,time_of_1h,1h,2h,3h,4h,5h,6h,7h,8h,9h,10h,11h,12h,13h,14h,15h,16h,17h,18h,19h,20h,21h,22h,23h,24h,25h,26h,27h,28h,29h,30h,31h,32h,33h,34h,35h,36h,37h,38h,39h,40h,41h,42h,43h,44h,45h,46h,47h,48h,49h,50h,51h,52h,53h,54h,55h,56h,57h,58h,59h,60h,61h,62h,63h,64h,65h,66h,67h,68h,69h,70h,71h,72h,73h,74h,75h,76h,77h,78h,79h,80h,81h,82h,83h,84h,85h,86h,87h,88h,89h,90h,91h,92h,93h,94h,95h,96h,97h,98h,99h,100h,101h,102h,103h,104h,105h,106h,107h,108h,109h,110h,111h,112h,113h,114h,115h,116h,117h,118h,119h,120h,121h,122h,123h,124h,125h,126h,127h,128h,129h,130h,131h,132h,133h,134h,135h,136h,137h,138h,139h,140h,141h,142h,143h,144h,145h,146h,147h,148h,149h,150h,151h,152h,153h,154h,155h,156h,157h,158h,159h,160h,161h,162h,163h,164h,165h,166h,167h,168h
2025-11-05 01:21:04+00:00,2025-11-05 00:00:00+00:00,-1.8978096,-1.4265963,-1.3538274,-0.79000705,-0.96868,0.63838387,1.3342316,2.6806831,4.797477,4.3586597,1.763672,1.2168944,1.3267093,1.3134586,2.4988134,1.3773094,0.6705991,-0.2154047,0.5425568,-1.7016151,-2.966969,-2.652331,-3.6804216,-4.103901,-4.0629864,-4.632655,-5.0838337,-5.2585177,-4.738213,-4.8540792,-5.4488997,-5.5023355,-4.639772,-3.9257548,-3.283857,-3.1534374,-3.3318813,-3.0979276,-2.375316,-0.7171017,-1.4482249,-2.5839257,-2.4254372,-5.086625,-4.061884,-3.3488653,-2.3055384,-1.1861128,0.25855196,1.5800029,2.618667,3.009145,2.5396185,1.9918998,1.9417925,2.079783,2.255424,2.67608,2.8467233,2.552694,1.6247109,0.7241441,0.6122844,2.2181346,2.0355458,0.62832195,2.2588441,1.0762824,-0.7677237,-2.319626,-2.8354633,-3.8204432,-4.857391,-5.706476,-6.2448235,-6.6252275,-7.387698,-8.444986,-9.264735,-9.990426,-10.369906,-10.253593,-10.438161,-10.3890915,-10.346744,-10.3488035,-10.550425,-10.703359,-11.28745,-12.431699,-13.911889,-13.634199,-12.116306,-11.8009615,-12.124756,-12.341583,-11.809148,-10.930968,-12.0837555,-13.893363,-14.63079,-15.663141,-12.897578,-10.844305,-10.539227,-11.350826,-11.398103,-11.514067,-11.285585,-10.927901,-10.301198,-9.696528,-9.163415,-9.146978,-9.372701,-9.283396,-9.273592,-8.800878,-8.258327,-7.66343,-7.3172355,-7.2810783,-7.2399287,-7.2250485,-7.2830496,-7.1521635,-7.162765,-7.1923976,-7.337177,-7.391307,-7.643835,-7.891252,-8.1752825,-8.407307,-8.609322,-9.136716,-9.631372,-10.712271,-11.724292,-12.349059,-13.04263,-13.129782,-13.054031,-13.038613,-13.259303,-13.399875,-13.527752,-13.525931,-13.755008,-14.167605,-14.304737,-13.944238,-13.560016,-12.858733,-11.7805,-10.664758,-9.817636,-9.67413,-10.000494,-10.209332,-9.726255,-9.092589,-8.245247,-6.7918205,-4.7236104,-3.0114617,-1.7569772,-1.1304777
2025-11-06 01:06:16+00:00,2025-11-06 00:00:00+00:00,-2.687441,-2.2556195,-2.9279988,-3.3132484,-3.7027342,-3.9658015,-4.395928,-4.5817924,-4.440303,-3.5730124,-2.4935544,-1.943766,-1.770956,-1.5523231,-1.1573924,0.22082065,0.64916843,-0.5071195,-2.6604443,-1.938609,-1.4875779,-1.3973832,-1.5626582,-2.0365672,-1.663677,0.7137786,2.1018894,1.5013213,2.461001,3.5020392,4.077367,3.9901378,3.8522508,3.010886,2.5698466,2.2055511,2.000522,2.1283274,2.243908,1.5735196,0.7888234,0.7155065,0.6500919,-0.27229327,-1.6975297,-2.8359275,-3.5417097,-4.390113,-4.71217,-5.858923,-5.8425317,-6.589511,-6.911139,-6.8028455,-7.3840985,-8.094643,-7.9063683,-7.777673,-7.659607,-7.8258095,-8.153062,-8.633714,-8.647143,-8.741481,-8.94344,-9.271788,-9.726255,-10.812702,-12.391711,-13.673144,-13.804432,-13.956135,-13.689216,-12.386641,-10.595564,-9.1720705,-12.0578375,-13.190877,-13.242457,-13.752359,-12.414983,-11.058769,-11.888162,-12.030524,-12.030524,-11.555998,-10.975428,-10.196412,-9.326353,-11.486359,-13.8234,-15.091926,-15.179188,-15.734145,-15.599746,-15.632789,-15.459463,-15.407661,-15.18995,-15.313264,-15.110459,-14.713488,-13.85493,-13.470949,-13.948824,-14.487067,-13.966949,-11.746384,-9.872986,-8.81477,-7.8299723,-7.1642103,-6.950918,-7.66343,-9.079799,-9.949256,-10.352145,-10.352145,-9.827995,-9.052426,-8.714464,-8.609784,-8.468058,-8.231855,-7.5720115,-6.779783,-6.196389,-6.225103,-6.4371657,-6.82391,-7.0073833,-7.0073833,-6.866818,-6.585703,-6.0703835,-5.2779965,-3.926491,-2.3690934,-1.4925952,-1.3680699,-1.8632158,-2.224798,-2.3619514,-2.2203445,-2.4700353,-2.6448743,-2.8287435,-2.734979,-2.5184755,-2.369809,-2.1947448,-2.278043,-2.6056175,-2.8396177,-2.5069969,-2.0953994,-1.682155,-1.5294234,-1.3794518,-1.4645302,-2.2114353,-3.4730477,-4.987418,-4.74131,-4.0299697,-3.297647,-3.719811,-4.600633
2025-11-07 01:03:53+00:00,2025-11-07 00:00:00+00:00,0.36859268,1.0972313,1.9845089,2.8260593,3.3967164,2.5509841,1.9193475,1.6683394,1.4116131,1.1951901,0.81242764,0.5660513,0.36894798,1.3291693,1.8042217,2.6068366,2.667857,3.2003486,2.5377827,2.573301,2.1983044,1.5734723,1.5931745,1.1418842,0.10264218,0.76376057,-0.51558447,-1.2720543,-1.5614978,-1.9474417,-2.6161776,-2.6711469,-2.9123993,-2.9224172,-3.2607102,-3.2740202,-3.2900312,-3.0868196,-2.940967,-2.7568161,-3.141457,-3.4401398,-3.2741547,-8.194573,-8.103861,-10.839759,-14.343618,-14.329689,-13.367883,-11.98141,-10.505588,-11.832154,-13.299273,-14.121896,-14.036104,-13.67625,-13.601977,-13.454853,-13.734795,-11.888162,-10.594105,-11.729553,-12.012734,-11.733677,-11.527977,-10.746566,-10.412528,-10.281923,-9.827995,-9.827995,-9.406057,-8.896951,-8.385027,-7.982141,-7.7624173,-7.4063573,-7.1133113,-7.0058284,-6.810935,-6.7948966,-6.7036767,-7.0069537,-7.155579,-7.34694,-7.1490097,-7.000565,-7.094053,-7.018314,-7.261781,-8.032027,-8.688466,-9.001553,-8.919932,-8.594903,-8.217102,-7.985653,-7.7594523,-7.4755883,-6.852075,-7.058326,-7.751734,-8.399984,-9.318846,-9.452789,-9.2722845,-8.866356,-8.5120945,-8.095615,-7.3381224,-6.370975,-5.5154166,-4.416302,-2.693243,-0.5771777,0.5765933,0.82568806,0.6881933,0.5069336,0.5002806,0.09633002,0.122795805,0.29457214,0.8857629,1.2423705,1.535612,1.6291659,1.3464075,0.6418871,-0.20527977,-1.2955006,-2.1947448,-3.2998736,-4.2317095,-4.8553576,-5.551807,-6.02749,-6.4920535,-7.1645594,-7.5264816,-6.543776,-5.3959584,-4.365125,-4.089017,-4.3922276,-4.727761,-4.726142,-4.820353,-4.763088,-4.707476,-4.497037,-4.4215393,-4.46045,-4.4549217,-4.5005364,-4.7458115,-5.234927,-5.4277015,-5.556159,-5.7235394,-6.0258646,-6.3245554,-7.0622816,-7.916723,-8.314489,-8.299224,-8.386467,-8.4767475,-8.741057
2025-11-08 00:57:57+00:00,2025-11-08 00:00:00+00:00,-0.9635461,-1.3091129,-1.3089267,-1.2699254,-0.21283068,0.003087165,-0.96818316,-2.3690464,-3.1157255,-4.151646,-4.553148,-4.504884,-4.890998,-5.121675,-5.5413985,-5.97336,-6.3703017,-6.4458823,-6.703957,-7.004051,-7.556432,-8.090462,-8.711482,-9.050203,-10.5472,-10.55865,-10.956097,-10.827753,-7.466573,-5.798411,-12.749584,-14.515022,-14.836914,-14.448843,-13.543892,-13.432758,-13.288268,-12.522416,-12.108827,-12.055007,-12.322758,-11.058506,-10.687321,-12.439219,-13.010366,-12.438584,-12.214599,-11.700503,-10.786886,-10.095228,-9.507509,-9.003989,-8.705759,-8.176573,-7.5366135,-6.9465137,-6.9016013,-7.056496,-6.915866,-7.0150676,-7.064669,-7.163871,-6.505754,-6.264596,-6.291683,-6.589176,-6.7591577,-6.7927184,-6.9670177,-7.0129437,-6.6662436,-6.8359566,-6.604945,-6.6239786,-6.6467147,-6.8359566,-6.8451376,-6.798004,-6.08267,-4.1984687,-4.5979533,-5.5667615,-6.7300143,-6.727138,-6.5401187,-6.0797596,-5.6060367,-5.0922146,-4.1209464,-3.1666138,-2.0093207,-0.603417,0.1655616,0.6399009,0.21517543,-0.24679726,-0.33940303,-0.4679483,0.056269646,-1.3879417,-2.4642074,-3.25888,-3.728958,-4.2439394,-4.6185184,-4.899479,-4.805687,-4.7160735,-4.998175,-5.4626617,-5.461465,-5.2264156,-5.174135,-4.8818264,-5.204477,-5.1893177,-4.785181,-4.740282,-4.7076373,-4.8146853,-4.9011526,-5.0398126,-4.808524,-4.7737207,-4.6185184,-4.4339924,-4.3128967,-4.396914,-4.386159,-4.508244,-4.5005364,-4.5494146,-4.69236,-4.850967,-5.0127964,-5.1810865,-5.823875,-6.9270473,-8.257259,-8.779113,-8.908361,-8.69185,-8.654277,-8.29022,-8.482457,-8.582876,-8.667192,-8.574888,-8.712749,-8.666795,-8.620841,-8.482984,-8.028046,-7.8898854,-8.028046,-8.437033,-8.253238,-7.199191,-5.5581837,-3.8611996,-1.7456762,0.6510665,2.4158185,3.4450886,4.0477495,4.042333,3.493401,2.6015263
2025-11-09 01:03:41+00:00,2025-11-09 00:00:00+00:00,-7.318392,-7.0961256,-7.979134,-8.818831,-8.6509285,-7.6194468,-7.2165203,-9.390524,-11.764308,-11.246478,-8.184302,-9.951318,-10.66054,-10.376767,-10.328534,-11.006323,-11.079567,-10.227189,-9.091664,-8.572941,-8.337178,-6.5470905,-12.15364,-12.329517,-12.390477,-11.604413,-10.73366,-9.5923195,-9.374633,-9.451097,-5.4767613,-6.102141,-6.0536485,-5.712591,-5.574302,-5.544967,-5.7364454,-6.1989336,-6.0819154,-6.2583604,-6.7155647,-7.103275,-7.394275,-8.506036,-8.648188,-8.784289,-8.253238,-8.036562,-7.726237,-7.4297924,-7.2871823,-6.5690436,-6.6116385,-6.8634863,-6.922491,-7.4760995,-7.897761,-8.1405,-7.7559295,-7.241672,-6.82391,-6.2482967,-5.581381,-5.242942,-4.623744,-4.070177,-3.0561163,-1.7599624,-0.8559887,-1.6269829,-2.3261964,-1.8848329,-0.956708,-0.7507733,-0.5583389,-0.22774999,-0.17936733,-0.67767453,-2.665634,-4.0109096,-4.4303246,-4.6220436,-4.1600585,-3.7569063,-3.0745966,-2.16615,-1.3551039,-1.1781588,-1.9037093,-2.9285703,-3.953963,-5.057508,-5.26338,-5.057508,-5.0841374,-5.073453,-4.679925,-4.343388,-4.018173,-3.3773031,-2.9903786,-2.6306,-2.340639,-1.8874134,-1.723747,-1.446767,-1.4031578,-1.4825933,-1.7942594,-2.107318,-2.3229685,-2.4855442,-2.7962325,-3.0393183,-3.3937347,-3.5728552,-3.5063188,-3.3061628,-3.1888144,-3.3091736,-3.490734,-3.787245,-4.0927634,-4.185394,-3.9045587,-3.163761,-2.6614544,-2.0253177,-1.4396317,-0.94607115,-0.4206805,0.28997278,0.7737483,1.0261642,1.2598201,1.5389487,2.324765,3.3150659,4.056755,4.8490486,6.0352373,6.6213365,6.863134,6.7577233,6.90225,7.1112638,7.2922077,7.495529,7.7723355,7.944942,8.206324,8.557699,9.049405,9.732247,10.590323,11.745207,12.635121,13.207193,13.552507,13.622865,13.648291,13.358426,12.303899,10.029338,7.1406975,4.857708,3.6681697,2.9474225
2025-11-10 01:07:31+00:00,2025-11-10 00:00:00+00:00,-8.019022,-7.787564,-7.3698587,-8.115891,-8.067457,-7.8734803,-7.804063,-8.097097,-8.216101,-8.370168,-8.603905,-8.063656,-7.6216516,-7.126015,-6.5412583,-5.627371,-5.4767613,-5.9319096,-5.6150217,-5.826648,-5.734325,-5.683055,-6.170493,-6.310121,-5.46943,-5.2355957,-4.282543,-3.9301448,-4.207253,-4.7269487,-4.983128,-4.986871,-5.06514,-5.325403,-5.410834,-5.2771344,-5.1620026,-4.263574,-3.1446052,-2.6604729,-1.4813204,1.1603103,1.7824758,0.5477994,1.5349153,1.9463552,2.0355458,1.539063,0.9648827,0.49429488,0.47650713,0.4995292,0.13280003,-2.2749505,-3.916898,-4.384402,-4.8106613,-4.852609,-4.904139,-5.2332764,-5.2096753,-4.544583,-4.021605,-3.632808,-4.1637588,-4.177229,-3.7594254,-3.0988133,-2.2250605,-1.3517646,-1.2782073,-2.0005267,-2.4895647,-2.600983,-2.6996174,-2.8973336,-3.086047,-3.3363583,-3.5727262,-3.828483,-4.0927815,-4.1873446,-4.4237604,-4.5162077,-4.544583,-4.6601887,-4.3478813,-3.8611996,-3.466788,-3.1275036,-2.58621,-2.1314368,-1.5950289,-1.4203194,-0.74849534,-1.3470445,-1.3422819,-0.95791656,-0.60877776,-0.08160594,0.34084567,0.6900589,0.9672496,0.99394804,1.1076406,1.1386535,1.0334332,1.1153941,1.0303384,0.99228024,0.9159381,1.1638465,1.4406626,1.7017804,2.0608726,2.3291755,2.69713,3.0283608,3.1209154,2.8185878,2.585241,2.4133286,2.1323323,2.1419787,2.241041,2.6157355,2.9289231,3.1333544,3.486526,3.9083986,4.5472674,5.0747585,5.7783113,6.5431576,7.10969,7.858193,8.664486,9.337726,9.880192,10.163053,10.19142,10.261864,10.261864,10.3612585,10.351631,10.500536,10.699072,10.798341,10.637564,10.637564,10.425747,10.425747,10.425747,10.425747,10.360827,10.244674,10.096537,9.503976,8.828023,8.296821,7.9007225,7.653158,7.455105,7.356077,7.3065634,7.2570486,6.99841,6.787852
2025-11-11 01:01:42+00:00,2025-11-11 00:00:00+00:00,-6.1725254,-6.2206492,-6.1179304,-5.1808195,-5.940992,-5.844597,-5.518481,-5.748202,-5.940992,-5.7115645,-5.5202413,-5.155363,-4.7597647,-4.4827795,-3.6944964,-1.932829,1.1904776,2.3795438,1.7938998,1.8683033,1.7872281,1.7360073,1.5463954,0.6977551,0.0123746125,-0.970749,-1.3196167,-1.6986176,-2.3719006,-2.5358167,-2.6598716,-3.0476563,-3.4839365,-3.621633,-3.5749168,-4.501409,-4.466356,-4.3051867,-2.4062164,-0.9150845,-0.019159464,0.36672744,0.18681265,-2.58621,-3.3506088,-3.3061628,-3.6967454,-4.070699,-3.932213,-3.8943334,-4.171577,-4.622102,-4.726142,-4.6949105,-4.390113,-4.3007784,-4.021605,-3.9347382,-3.7809222,-3.837485,-3.9909043,-4.232205,-4.1169095,-4.242658,-4.5340524,-4.9895854,-5.8379517,-6.3888903,-6.736678,-7.149995,-5.7226872,-6.6964593,-6.8819704,-6.6982665,-6.5457487,-6.7736106,-6.845536,-7.1838126,-7.4573174,-7.3485994,-6.9670177,-6.7848554,-6.7465754,-6.4093637,-5.7997665,-5.1810865,-4.1049247,-1.914586,0.025870994,1.3674724,1.9923321,2.454763,2.8014224,3.3233786,3.2784367,3.3575218,3.5104938,3.790797,4.2545896,4.8429627,5.702154,6.2160625,7.359649,8.410003,9.059545,9.569714,10.042705,10.301997,10.599803,10.748706,10.756373,10.991977,11.223555,11.321572,11.318791,11.398927,11.273926,11.17779,10.711953,10.104363,9.626266,9.710275,9.918154,10.007655,9.880192,9.844415,9.210015,7.888509,5.9577913,4.7059436,4.4637537,4.6874495,4.602798,3.9461858,3.1513586,2.6173317,2.3490298,2.1940157,1.9810165,1.6910783,1.8297564,1.4599345,0.8368749,-0.079392746,-0.5391539,-0.40989974,0.1491863,0.6842175,0.88190365,0.919178,0.9354095,1.0303384,1.1075015,1.116579,1.0190547,0.81833434,0.81833434,1.1183603,1.6015085,1.9833454,2.4701712,2.6591003,2.6577806,2.6085522,2.383093,2.2417433,1.8603805,1.3650411
2025-11-12 01:03:19+00:00,2025-11-12 00:00:00+00:00,-0.8426725,-2.7232637,-3.335615,-3.2525513,-3.6657605,-4.180733,-4.887767,-5.304569,-5.451933,-4.83183,-3.766792,-2.7694046,-2.5784593,-2.7737577,-1.8260369,-1.0366327,-0.6624009,-0.19066197,-0.2618709,-0.8826408,-1.7495582,-2.3349464,-2.8413756,-3.2140796,-3.0598216,-2.9408417,-2.9957228,-3.0673978,-3.0173998,-3.184842,-2.8219314,-3.896796,-5.2262754,-5.1509895,-5.2244935,-5.264545,-5.15924,-5.0117426,-3.573619,-2.1921563,-1.6071922,-1.2734591,-1.0755641,-0.40607715,0.2350179,0.5914054,0.89712,0.2642881,0.3565964,0.7488173,1.040483,1.8836117,2.660168,3.0540497,3.386674,3.651779,3.670652,3.5723813,3.5398242,3.6528852,3.6528852,3.616199,3.8350315,4.352696,4.586992,4.6791067,4.810285,4.853418,5.147802,5.501129,5.9310827,5.8681927,6.210733,6.9344883,7.3015947,7.5439367,7.5291862,7.156666,6.3209343,5.754033,4.569958,3.32357,2.3920033,2.324765,2.1323323,1.8879405,2.4704802,2.9379132,3.437079,2.191181,1.0528548,-1.5580267,-3.0347097,-3.3853014,-4.159843,-3.683881,-3.211892,-6.3307843,-6.875683,-7.1212406,-6.9668703,-6.8909907,-7.618389,-8.956846,-9.374153,-9.665368,-9.874591,-9.767619,-9.594328,-9.655012,-9.6404085,-10.269936,-11.336156,-12.279411,-12.92422,-13.361523,-13.555035,-13.7230015,-13.222644,-13.489361,-13.225811,-13.204095,-12.965845,-12.725009,-12.611945,-12.488793,-12.598329,-12.625174,-12.853001,-12.796691,-12.838826,-12.621737,-12.360496,-11.760928,-11.103462,-10.409746,-9.772,-9.43784,-9.011142,-8.82111,-8.504427,-8.330648,-8.025489,-7.985653,-7.897761,-7.8821993,-7.714234,-7.5783353,-7.282612,-7.162934,-6.895051,-6.566837,-6.271472,-6.1067314,-6.2527127,-6.6475806,-6.7455993,-6.663806,-6.389981,-6.162919,-6.196389,-6.307516,-6.7604337,-6.783322,-6.9373055,-6.7425494,-6.7927184,-6.6336274
2025-11-13 01:18:24+00:00,2025-11-13 00:00:00+00:00,-3.0748656,-2.5889726,-3.1539981,-2.7979996,-2.9477015,-3.1157255,-3.2115872,-2.9505374,-3.227965,-3.374853,-3.6839712,-3.9134574,-3.8515427,-3.92846,-3.0972204,-1.3761438,-0.56168383,0.37462756,-0.412591,-0.72103095,-1.6468115,-1.9851555,-1.8529713,-2.1330616,-0.70613927,0.50135523,0.8874307,-0.01794403,-0.042839877,-0.14071599,-0.50351346,-1.1628926,-1.3091129,-1.4654589,-1.3248187,-1.5214301,-1.7180446,-1.4543731,-0.30237648,3.1582112,5.602465,6.4710655,6.964044,5.305728,5.5085726,5.99993,6.3915715,6.4378614,6.4730167,6.7098093,6.9123316,6.762233,6.769378,6.3781056,5.705766,4.5078225,3.2310953,2.024431,1.453216,1.4995521,1.7775594,2.585241,2.9284325,3.933554,3.3724122,-0.38288733,-5.0335183,-6.2855206,-5.5651836,-7.208444,-10.789199,-11.922416,-11.947585,-11.717978,-11.826427,-11.953638,-11.336156,-11.150046,-10.965638,-10.867371,-10.71674,-10.8579855,-10.962983,-10.878677,-10.776746,-10.689535,-10.776746,-10.8579855,-11.992514,-12.824773,-13.134852,-13.5211315,-13.788647,-14.290498,-14.075637,-14.083031,-13.80337,-13.722981,-13.555181,-13.337949,-13.468311,-13.563259,-13.6219845,-13.445452,-13.619148,-13.439019,-13.283158,-13.196107,-12.7551,-12.48294,-12.009365,-11.157408,-10.413617,-10.011488,-9.827995,-9.499867,-9.452789,-9.22834,-8.902971,-8.8424015,-8.785026,-8.808595,-8.893255,-8.694649,-8.478706,-8.056935,-7.6285734,-7.2860107,-6.928797,-6.607552,-6.607552,-6.6147633,-6.74646,-6.7733226,-6.959403,-6.950918,-6.8359566,-6.960928,-6.9656086,-7.15315,-7.3381224,-7.622832,-7.6100516,-7.4755883,-7.4327583,-7.526097,-7.5815997,-6.913672,-4.885814,-2.790064,-1.4748873,-0.91750014,-0.80525047,-0.79458296,-0.90513706,-1.2547394,-1.454513,-1.642645,-1.7735085,-1.8074305,-1.6194675,-1.1399149,-0.9649138,-1.0065383,-1.0903217,-1.1384065,-1.4896864,-1.8367699
2025-11-14 01:03:46+00:00,2025-11-14 00:00:00+00:00,-2.316443,-1.618108,-0.82887226,-0.39862815,0.03234145,0.8017215,0.8386461,0.6393987,0.52819985,0.28279653,0.03738886,-0.046910364,-0.035087977,-0.25710654,0.28279653,3.6689527,6.40013,8.230528,7.747034,7.5307293,7.855884,7.809427,7.4378653,6.4185743,6.298097,5.843976,5.951299,4.5387845,3.8063562,3.9320264,3.2101264,3.5420158,4.238719,4.481958,4.2998877,4.397038,6.099859,5.2600837,4.32659,0.20070302,-0.7584072,-4.7076726,-6.537784,-7.7592497,-8.200649,-9.652251,-11.6669655,-12.303932,-12.01646,-11.91316,-11.836196,-11.556303,-11.416048,-11.452749,-11.112951,-10.990283,-10.735942,-10.687087,-10.30173,-10.258793,-10.237235,-10.563516,-10.583664,-10.962983,-11.992514,-12.694073,-13.134852,-13.5211315,-14.332739,-14.374985,-14.288967,-14.300183,-14.06792,-13.811916,-13.531516,-13.203114,-13.197844,-12.942002,-12.564035,-12.473913,-12.292508,-12.196298,-11.633585,-11.332948,-10.72492,-10.162063,-9.586054,-8.823507,-8.132108,-7.8278737,-7.9003654,-8.208817,-8.506036,-8.551641,-8.345134,-8.3734045,-8.32656,-8.26713,-8.239958,-8.333227,-8.338241,-8.35534,-8.368234,-8.480513,-8.350145,-8.161611,-8.176573,-8.211899,-8.445181,-8.78762,-8.163047,-7.8551116,-7.5233293,-7.5815997,-7.7157283,-8.07995,-8.346005,-8.527944,-8.437033,-8.513154,-8.620337,-8.704273,-8.634177,-8.472833,-8.52025,-8.472833,-8.52025,-8.662502,-9.0601845,-9.249535,-9.486234,-9.885557,-9.957142,-9.876809,-9.957592,-9.839774,-9.93843,-10.083693,-10.587864,-11.170018,-10.952414,-11.126494,-10.763903,-10.564115,-10.540037,-10.490981,-10.088286,-9.782606,-9.372701,-9.31458,-8.988493,-8.949282,-8.564722,-8.310285,-7.9392796,-7.130844,-6.417529,-5.5083013,-4.5016756,-3.4336772,-2.292545,-1.1593391,-0.40563887,-0.17611954,-0.2742856,-0.2742856,-0.2899493,-0.2098402
2025-11-17 01:09:07+00:00,2025-11-17 00:00:00+00:00,-8.739465,-8.696989,-9.52727,-10.350755,-9.102501,-8.120844,-8.155506,-8.133606,-7.7904406,-7.751746,-7.616417,-4.85574,-5.8118577,-6.1097875,-6.036776,-6.1476765,-6.722711,-7.135725,-6.284236,-7.015614,-7.2067647,-6.745953,-6.2291665,-5.435832,-4.586126,-5.033508,-4.8639965,-4.7922745,-5.141966,-4.7722445,-4.4204836,-3.9474518,-3.8603938,-3.0836875,-3.2121818,-3.7503562,-4.1662855,-4.777085,-4.85574,-4.9169354,-4.6436386,-4.0402784,-4.155404,-3.675961,-3.490734,-3.415952,-2.580071,-2.3921762,-1.3542712,-0.52809376,-0.31971154,-0.27181953,-0.2752654,-0.27181953,0.6134828,0.7842882,0.83349836,0.89373136,1.1129719,1.0140438,1.0635076,0.9592975,1.1075015,1.140103,1.435744,1.7313796,1.9777392,2.1621184,2.5404987,2.7514117,2.9714196,3.0970042,3.1109443,2.9846637,2.4076002,2.409173,2.5580926,2.4089732,2.5083866,2.409173,2.2602344,2.4089732,3.1903596,3.3798332,3.577415,3.8333225,3.7463648,3.9977465,4.461646,4.9629197,5.061371,4.987643,4.5979,4.314396,4.326324,4.3058896,3.2464857,3.3431087,3.2128499,2.6387763,1.3637162,0.6669971,0.015601836,-0.63307184,-0.96146834,-1.3050733,-1.4894806,-1.8941313,-2.13958,-2.335942,-2.2169387,-1.9643276,-1.9777979,-1.849222,-2.090841,-2.3663764,-2.4700353,-2.323132,-2.090841,-1.8711741,-2.0235052,-1.9558991,-1.7795916,-1.7074599,-1.7722855,-1.9664427,-2.063523,-1.9370843,-1.7154026,-1.4955167,-1.0909616,-0.65390223,-0.19995257,0.20020907,0.39593786,0.6900589,1.3194711,1.7659518,2.1791666,2.5648851,2.8185878,2.984539,3.136882,3.2474952,3.1471586,3.1375923,3.1860273,2.9019816,2.0869846,0.92390496,0.09130299,-0.100040115,-0.042478774,0.11166575,0.10457574,-0.122137316,-0.33306286,-0.46184596,-0.48413488,-0.46525908,-0.24422576,-0.21013394,-0.5694251,-1.6692455,-3.071741,-4.247265,-4.275901,-4.1197915
2025-11-19 02:44:06+00:00,2025-11-19 00:00:00+00:00,-3.4879248,-8.039515,-8.965051,-8.300845,-8.0736065,-8.950187,-3.7534804,-3.880983,-1.6943196,0.2704738,1.0187507,1.5175992,2.0164454,2.3586266,2.474218,2.260989,2.465769,2.3014755,2.5481474,2.6847696,2.9803834,3.1281877,3.3560483,3.2571297,3.5110428,3.866255,3.7141368,3.763719,3.9158983,3.9655423,4.0648293,4.315175,4.3648787,4.5139914,4.713654,4.813183,5.0117097,5.062002,4.908763,4.7903137,4.179191,3.5268252,2.6605108,1.763672,0.17342804,-0.9235405,-0.56168383,-0.67612755,-0.94428843,1.4969561,0.9679854,0.7564205,0.46194154,0.02021019,-0.16240872,-0.19995257,-0.5064525,-0.9488065,-1.2437172,-1.4894806,-1.6369407,-1.795953,-1.7942594,-2.109552,-2.5588193,-2.8732173,-3.5750108,-3.863932,-4.2336907,-4.677445,-4.5235195,-5.0361166,-5.4087567,-5.436178,-5.597921,-5.719287,-5.9985657,-5.9863544,-5.836172,-5.5154166,-5.374344,-4.5656157,-3.217944,-2.3921762,-1.7906269,-1.2079462,-0.72188854,-0.08395544,0.4450955,0.87463945,1.4167862,1.9810165,2.4463599,2.7879558,2.834157,2.8947055,2.8993695,2.8574457,2.3625891,1.9509307,1.188034,0.60576165,-0.108254716,-0.6412861,-0.89863545,-0.93654317,-0.6993438,-0.13335846,-0.1731262,-0.5228067,-0.68313336,-0.77444625,-1.1294509,-1.4864932,-1.8176117,-2.0383873,-2.1245708,-2.1698112,-1.9827975,-1.7654091,-1.6639184,-1.8239182,-1.8869057,-1.8592111,-1.9540769,-1.906644,-1.8352399,-1.893431,-1.9115586,-2.0520816,-2.060817,-1.9842012,-1.7559259,-1.4518845,-0.9512689,-0.56959283,-0.37212828,-0.8644974,-1.4140894,-1.5817527,-1.5935624,-2.2439938,-3.8873713,-6.5523677,-8.250216,-9.323271,-9.459831,-9.858981,-9.918774,-9.920223,-9.859343,-9.562635,-9.469962,-9.113236,-8.843237,-8.515299,-8.255541,-8.337967,-8.757485,-9.079799,-9.459831,-10.015853,-10.595731,-9.9969,-8.741523,-7.29627,-5.614691,-4.4989047
2025-11-20 02:43:16+00:00,2025-11-20 00:00:00+00:00,3.6689527,3.7369843,3.965725,4.2957497,4.6605496,4.6066146,4.911622,5.0110283,4.908763,4.7598352,4.7101917,4.25385,4.204331,4.105291,4.3091245,4.7490435,4.3339086,3.348283,3.2003486,3.4037766,2.8105361,2.7130811,1.6113142,0.962409,-0.039926756,0.30174944,-0.7360497,-0.8290655,-1.0601248,-1.5903922,-2.1840377,-2.2835977,-2.2859983,-2.2404957,-2.434778,-2.434778,-2.4843712,-2.7323387,-3.0265956,-1.2265139,-0.656273,0.06500606,-0.1694608,-0.65695983,-1.2238288,-2.0744941,-2.865947,-3.814807,-4.294543,-8.232414,-8.399984,-8.346321,-8.345134,-8.177343,-8.223511,-7.985653,-7.9208217,-7.526097,-7.5220866,-7.0205164,-6.4101744,-5.987717,-5.3705745,-4.8106613,-3.675961,-1.5465261,0.4187917,2.0985444,3.2093678,3.984726,4.1831794,4.1472697,4.0707603,3.6564975,3.2650297,2.7514117,2.1880827,1.3509648,0.78471243,0.037110765,-0.62004375,-1.380654,-1.8141438,-2.0068157,-2.2444518,-2.0809903,-2.0695083,-1.7196821,-1.3819253,-1.4077008,-1.3698667,-1.1405199,-1.219744,-1.447118,-1.1300699,-1.5694464,-1.5765847,-1.6349019,-1.8869057,-1.7672848,-1.988808,-2.3703353,-2.9575064,-3.1955862,-3.424752,-3.0857766,-2.5347226,-1.8279102,-0.9957032,-0.8617923,-0.7642999,-0.51333904,-0.08816602,0.96936506,1.5770878,2.2852855,2.8923197,3.3888855,3.7255456,4.0162253,4.4013557,5.1937585,5.959913,6.584111,6.887549,6.9871945,6.9871945,6.887549,6.7879043,6.688259,6.7379065,6.6880245,6.7379065,6.7879043,6.6784716,6.7619047,6.970416,7.257058,7.10934,6.1785507,4.878432,3.4837606,2.6048074,1.6593914,0.3510084,-1.9100957,-4.71217,-6.6874733,-6.883106,-5.96501,-5.5293837,-5.853107,-6.2826567,-6.6645093,-7.19707,-7.683677,-8.124634,-8.7761755,-9.296814,-9.772964,-9.87338,-9.999795,-10.211522,-10.269369,-10.585059,-10.675101,-10.676857,-10.549804
2025-11-21 02:42:43+00:00,2025-11-21 00:00:00+00:00,-0.36113754,-0.78585744,-2.7556212,-3.0673978,-3.3049724,-3.721199,-4.4735956,-3.9986372,-3.79157,-3.7334993,-3.6772916,-3.721483,-3.9726439,-4.458641,-4.557348,-2.3831646,-1.320294,-1.1533983,-1.2717605,-2.396323,-3.0857742,-2.8666637,-2.9189162,-3.6184251,-3.2490032,-3.3819635,-3.5879526,-4.4566216,-3.081079,-5.0803866,-4.5804467,-4.3196545,-2.5339737,-3.2834978,-2.3907504,-2.5642173,-2.6258252,-2.466034,-1.8889087,-0.4534405,1.202392,2.2465956,2.8636818,2.8210747,2.5338304,2.2423913,1.6456599,1.4950786,1.1241847,0.53997856,0.3510084,-0.00030821905,-0.4959103,-1.3930542,-2.3887334,-2.964509,-3.110192,-3.0740435,-3.0489507,-2.9858449,-2.8607495,-2.6931968,-2.9037483,-2.8146648,-2.801835,-2.9744284,-3.5788581,-4.239743,-4.4681125,-4.600633,-3.9851544,-4.30464,-4.171577,-4.019325,-4.3442655,-4.416302,-4.69547,-4.6804595,-4.431224,-4.1049247,-3.6994255,-3.0708857,-2.4445426,-1.765977,-1.1743547,0.036935844,0.84838015,2.0365274,3.77081,5.1454444,6.008957,6.362322,7.0259504,7.3857718,7.5859017,7.7355475,7.5352387,7.435594,7.58506,7.6348825,7.6847053,7.6847053,7.734526,7.8851933,7.8851933,8.03451,8.134391,8.234276,8.384009,5.8359704,2.6173317,1.2118335,-2.090841,-3.7862444,-4.0289865,-5.324048,-5.890143,-6.2932625,-6.6718025,-6.607612,-6.526078,-6.232505,-5.6443624,-5.5665464,-5.9397063,-6.7127004,-7.130844,-7.0076876,-6.7508726,-6.4625,-5.891362,-5.2940288,-4.955355,-4.879361,-5.003842,-5.390566,-6.0857105,-6.6940246,-7.2464685,-6.939405,-6.0534515,-5.0903497,-3.9333124,-2.900852,-2.4025424,-2.9929051,-4.1439996,-5.168106,-5.9815454,-6.51806,-7.1693134,-7.675155,-8.133364,-8.544179,-8.786727,-8.764891,-8.862052,-9.029284,-9.2246,-9.414537,-9.529328,-9.743785,-10.048427,-10.291943,-10.305202,-10.152417,-10.14203,-10.074595
2025-11-22 02:38:34+00:00,2025-11-22 00:00:00+00:00,-6.4858403,-7.038082,-6.8757744,-4.9771,-4.871484,-5.326284,-5.0803866,-4.9118686,-4.3196545,-3.3416958,-3.1950097,-3.3905919,-3.7674973,-4.275687,-3.599976,-1.7552968,0.49014962,1.8906488,2.817103,2.1018894,1.485355,1.4152412,0.84412307,-0.26090765,-0.65588,-0.8603842,-1.6078167,-1.8767395,-2.1885118,-2.6595838,-2.8257651,-3.0382018,-3.2336009,-3.0551445,-4.9711256,-5.6548486,-5.3627496,-5.1541085,-4.606565,-2.3149357,-1.5429347,-1.6811585,-1.5717787,-1.1544937,-1.4636971,-0.21288256,0.3885946,1.4595256,2.5358598,-5.52771,-5.391424,-4.681988,-3.933262,-3.4623618,-3.188631,-2.933222,-2.5069969,-2.0253177,-1.4165716,-0.6175145,0.61746234,1.741204,2.67608,3.371181,4.30452,5.1662865,6.1884174,7.228021,7.5780344,7.0605664,7.4929132,8.025433,7.876333,7.5719786,7.423063,7.1748676,6.97631,6.981723,6.9355764,6.9871945,6.937372,6.887549,6.887549,6.937372,6.8360524,6.9355764,7.035101,7.423063,7.7521834,4.5550556,3.7679834,3.8025558,1.7780812,-0.37212828,-2.0440798,-2.5540888,-2.9800248,-2.7041953,-3.7670245,-3.8325822,-3.733308,-4.67194,-4.6464252,-4.360921,-4.0391636,-3.6530993,-3.290961,-1.811042,-0.7855264,-0.48655972,-0.18759422,-0.51806295,-1.157813,-1.0120705,0.11945158,-0.22520266,-0.9649138,-1.5002751,-1.7426412,-1.7468642,-1.9556105,-2.300295,-2.6967556,-3.3444312,-4.193162,-5.2037654,-5.9161406,-5.754971,-5.2416563,-5.0362234,-5.742457,-6.761941,-7.529224,-7.7724442,-7.9183784,-7.9390583,-7.949326,-7.950923,-8.016734,-7.6360993,-7.0941286,-6.801304,-6.951601,-7.2733326,-7.4285536,-7.4805803,-7.34728,-7.430305,-7.515759,-7.497557,-7.5897293,-7.583783,-7.585425,-7.7372646,-7.9902196,-8.295068,-8.394156,-8.330349,-7.928777,-7.6446967,-7.3832946,-7.1519275,-6.9986553,-7.240176,-7.4288697,-7.570562,-7.5409446,-7.576329
2025-11-23 03:27:24+00:00,2025-11-23 00:00:00+00:00,0.28072217,-1.6468014,-3.065719,-3.007452,-2.933683,-3.2490032,-3.6224787,-3.7096572,-3.7674973,-4.2111263,-4.9683113,-6.2908483,-7.08695,-6.387401,-5.4507065,-4.02502,-3.498597,-2.7048726,-4.6414332,-6.4646363,-2.2065012,-0.6544559,0.50480425,-0.063025616,1.0095589,1.9004055,2.4880447,2.854556,2.891077,2.7130811,2.3515642,2.2949662,2.2413394,1.7587848,1.6743801,1.4310662,0.73456967,0.83819157,1.1853753,2.3891506,2.8395534,3.550322,4.076885,3.5739563,3.4426432,3.3959231,3.8632672,4.576467,4.245851,1.8901746,1.6048143,1.1211531,1.0250186,1.2155135,1.8862549,2.023501,2.4494798,2.4979932,2.1112704,1.8952725,1.8947848,2.1129124,2.3424964,3.042738,3.8959699,4.1857343,4.34128,4.445234,4.7329655,4.73124,4.8797483,3.118225,2.5231562,1.5136175,1.6024543,2.3918943,2.556332,1.0171677,0.47037384,-0.81500286,-1.314484,-1.9542091,-2.900852,-4.287869,-5.46461,-5.756822,-5.875512,-5.9051805,-5.9362164,-6.0931206,-6.5690436,-7.222257,-7.0176325,-6.801304,-7.2250485,-7.7724442,-7.9187937,-8.309602,-8.664426,-8.895843,-9.081147,-9.220079,-9.465024,-9.508605,-9.655767,-9.901044,-10.143735,-10.290639,-10.53656,-10.636809,-10.733302,-10.611171,-10.586382,-10.464783,-10.456251,-10.610085,-10.747841,-10.617126,-10.16752,-10.007806,-9.981753,-10.195379,-10.292083,-10.591234,-10.744834,-11.035017,-11.133639,-11.2815695,-11.474038,-11.569477,-11.470049,-11.225615,-11.038206,-10.920803,-10.894148,-10.762873,-10.675712,-10.783564,-10.984575,-11.082712,-11.157408,-11.018458,-10.757078,-10.288817,-9.4212675,-7.659607,-5.766452,-4.649951,-4.3732257,-4.36163,-4.451092,-4.451092,-4.451092,-4.649951,-5.1471043,-5.705513,-6.004159,-5.705513,-5.246536,-4.7831097,-4.525268,-4.3590264,-4.3234177,-4.1984687,-4.149775,-3.8650563,-3.4650824,-3.192779
