forecast_day,time_of_1h,1h,2h,3h,4h,5h,6h,7h,8h,9h,10h,11h,12h,13h,14h,15h,16h,17h,18h,19h,20h,21h,22h,23h,24h,25h,26h,27h,28h,29h,30h,31h,32h,33h,34h,35h,36h,37h,38h,39h,40h,41h,42h,43h,44h,45h,46h,47h,48h,49h,50h,51h,52h,53h,54h,55h,56h,57h,58h,59h,60h,61h,62h,63h,64h,65h,66h,67h,68h,69h,70h,71h,72h,73h,74h,75h,76h,77h,78h,79h,80h,81h,82h,83h,84h,85h,86h,87h,88h,89h,90h,91h,92h,93h,94h,95h,96h,97h,98h,99h,100h,101h,102h,103h,104h,105h,106h,107h,108h,109h,110h,111h,112h,113h,114h,115h,116h,117h,118h,119h,120h,121h,122h,123h,124h,125h,126h,127h,128h,129h,130h,131h,132h,133h,134h,135h,136h,137h,138h,139h,140h,141h,142h,143h,144h,145h,146h,147h,148h,149h,150h,151h,152h,153h,154h,155h,156h,157h,158h,159h,160h,161h,162h,163h,164h,165h,166h,167h,168h
2025-11-05 01:16:09+00:00,2025-11-05 00:00:00+00:00,175.81517,180.0,189.0394,195.52417,200.85454,208.61037,211.53474,210.32352,214.21576,213.17853,215.53777,215.75398,217.794,219.35173,223.3317,236.3099,248.6293,265.42615,275.7105,284.47034,300.65057,315.0001,321.34018,334.53668,334.09354,336.5713,347.00537,357.0644,4.289077,17.592522,25.866312,36.158287,59.349415,66.50142,73.07241,80.13426,96.340096,102.5288,113.55228,119.604355,123.388535,127.50422,132.06425,143.53067,146.59216,145.09743,137.72638,128.41809,132.95459,139.39879,144.16226,151.78275,160.34608,173.82993,177.27374,188.91484,195.81926,199.24962,201.03758,204.04422,205.52965,213.92984,214.13599,221.63345,220.60121,216.7143,208.35487,224.39697,232.76509,250.09616,253.17851,263.6599,263.4803,271.5074,276.3401,282.99463,300.61853,295.90643,294.44394,302.47116,305.7068,309.40063,306.15826,306.15826,307.23492,304.69522,316.1232,312.8789,302.3474,286.6993,280.954,258.31067,254.74483,244.23071,223.53127,199.53674,184.39862,200.32323,210.81564,248.31764,283.20795,299.60434,294.77512,306.983,317.52615,322.1772,320.8774,321.91116,320.6673,318.81415,320.28128,324.6051,325.96783,321.9529,319.185,316.3971,314.53424,313.09085,314.47443,317.43668,321.1886,324.58286,328.67136,330.9455,329.65683,326.68936,321.34018,315.0001,308.4181,302.82855,299.5387,296.56497,295.7099,295.01685,295.20108,294.10223,290.85452,286.92758,284.85864,284.30032,285.06854,284.57425,280.53912,271.68463,261.57312,259.1145,259.8754,260.53775,258.6901,255.06853,251.56496,245.85446,240.94548,235.30478,231.34016,226.27295,223.7812,223.87679,222.95459,223.1524,222.5104,221.18582,219.28938,216.09837,212.10623,208.23735,202.3287,195.42223
2025-11-06 00:59:44+00:00,2025-11-06 00:00:00+00:00,331.50446,344.87595,351.02744,355.91446,1.7356651,2.8623457,1.9091109,10.713074,21.037588,38.65983,52.81522,91.97489,103.57046,111.44781,127.77575,130.91429,130.06073,135.6902,135.64366,137.60262,139.49724,140.57222,136.00499,123.23173,127.18479,130.31403,141.7098,146.63362,152.8504,160.25307,173.04713,189.0902,197.52565,203.40471,205.05759,210.49976,217.99878,223.93918,232.83543,247.1663,259.14365,277.80008,281.14285,245.9245,234.0578,233.3438,234.29321,236.76828,266.186,276.3401,279.7275,283.24054,292.1095,295.1148,296.56497,304.21576,310.0302,313.6029,327.38077,338.9624,341.56494,337.3801,340.70987,341.56494,349.99207,291.80148,246.0375,231.34016,195.94547,186.1154,180.0,196.69933,166.60748,172.09293,175.71092,212.61923,271.99203,279.7132,291.638,301.47678,299.8988,313.7456,320.96448,320.90613,326.3099,320.90613,312.37354,316.35312,320.0425,322.8957,322.43134,320.58264,317.52615,318.63306,316.04153,319.0446,318.991,320.64825,321.8427,316.14566,316.1934,307.95428,304.69522,303.6901,305.4458,307.80658,308.78436,310.33307,314.35632,307.0566,313.19128,319.30457,316.30188,311.0994,307.04254,304.641,303.45334,300.96368,296.09537,286.6993,275.19434,266.3087,260.83774,257.27563,251.56496,248.19853,242.6502,239.62096,235.40765,230.59937,222.79738,214.11452,207.75845,205.60214,204.5901,204.56715,203.89517,203.35558,203.79077,206.0753,209.0016,211.71509,213.23172,215.08356,216.86998,220.0302,222.87889,225.43732,225.90929,224.9999,223.99501,222.87889,222.75424,222.04915,222.5104,223.72705,226.30188,230.07967,234.6598,238.60979,244.20403,250.40762,256.2005,259.50858,260.72748,259.69522,253.44284,240.4613
2025-11-07 00:57:38+00:00,2025-11-07 00:00:00+00:00,123.17853,127.568665,133.95847,137.64261,143.39284,149.03632,162.75845,175.23645,190.20392,199.29015,207.68097,213.2749,216.38445,219.17365,228.50363,240.43974,251.3232,259.33026,273.31772,271.73566,289.8322,288.74142,286.55716,259.3804,260.83774,254.47583,260.78903,268.31534,271.73566,288.9705,275.7105,272.12103,280.49142,285.6423,278.13,256.60748,249.44386,231.84273,224.9999,205.34613,191.9761,203.19861,204.44394,216.86998,223.1524,233.74606,214.82455,220.0302,190.3048,194.82652,193.24052,203.38524,280.71307,328.43823,328.92102,329.89877,333.43503,330.75128,337.06787,341.31256,342.072,331.9756,335.7387,334.33484,330.75128,335.22488,334.9424,334.35904,334.9424,333.13815,331.32693,333.82477,336.3179,336.0375,334.85526,328.39255,323.88055,324.3235,320.0425,317.5638,313.26434,311.63345,310.73203,310.46216,310.1559,310.91428,322.43134,329.98172,329.03632,325.66974,316.5911,309.8055,306.86996,303.38855,299.0545,282.09473,272.04535,264.09396,255.96373,240.75127,231.63248,223.72705,221.34767,210.96368,207.29948,202.06795,196.82149,199.88525,197.52565,196.85847,199.09358,200.13638,200.11972,204.66379,206.56499,209.86682,213.9766,217.30403,219.09386,219.3693,220.0302,221.12865,222.78032,224.07605,225.4814,227.5336,228.17992,227.77924,226.16905,225.61598,224.9999,224.9999,226.43204,230.57222,235.53912,241.03244,248.19853,256.39944,263.6599,269.04517,274.15958,277.9695,278.65247,275.44025,277.69595,290.55612,310.2363,325.0079,330.64233,334.8852,337.249,338.19852,338.5522,338.9624,340.20102,341.56494,343.0724,344.7448,347.19574,344.05453,332.24155,316.73566,306.86996,307.30402,308.991,311.82007,311.18582,306.86996
2025-11-08 00:52:41+00:00,2025-11-08 00:00:00+00:00,254.57777,252.1212,271.68463,261.11942,277.3523,278.36578,271.84756,284.93146,319.39877,312.5104,274.57382,260.13425,272.72626,291.80148,299.0545,331.9276,333.43503,198.43504,263.41815,250.55988,233.74606,226.16905,217.40543,191.30989,159.14546,154.23073,250.40762,279.65982,282.33908,286.02036,295.05096,302.3474,305.89276,313.33975,315.86795,311.47845,310.12604,305.31128,306.0761,306.86996,308.26404,316.68463,318.91833,325.78424,327.57895,327.22513,326.94415,328.76083,328.73633,326.3099,325.53912,320.33218,311.08167,309.14398,307.87503,305.07382,305.31128,302.10623,302.90524,306.50153,307.6263,310.17917,311.42358,320.09216,323.44745,322.4808,320.7106,320.59937,317.77924,313.83093,307.5042,299.0545,285.7087,277.1249,273.6913,268.15244,259.046,247.249,236.76828,235.40765,228.36655,227.29063,222.79738,211.42952,210.52963,204.62355,204.90474,203.49858,201.80147,201.68913,201.90877,207.57448,211.24687,216.86998,217.67366,219.3693,220.16951,221.82008,226.23633,229.26797,228.52155,230.7106,230.6595,232.66673,229.39879,231.981,234.3601,234.46223,239.74365,238.46526,249.56708,265.31418,278.88058,287.48807,289.74692,291.28647,290.55612,290.26578,291.25058,293.70264,295.1148,295.01685,292.1095,290.92456,290.92456,289.9832,289.9832,289.9832,291.5015,291.5015,289.9832,286.8585,286.8585,289.9832,294.44394,296.56497,295.34613,291.57138,289.88525,289.88525,290.28265,290.40997,287.52567,280.6196,272.20255,267.27374,259.3804,248.96242,232.43134,223.02507,214.9921,205.55992,195.06854,186.1154,177.95464,169.50858,164.05453,164.2913,166.32867,171.67444,183.99083,197.28159,206.56499,210.411,211.67543,209.8759,200.55612,186.84268
2025-11-09 00:58:51+00:00,2025-11-09 00:00:00+00:00,18.435053,57.99466,104.03627,73.61038,1.5481218,188.74608,289.70807,297.45093,302.07397,301.4295,302.27563,305.31128,309.0626,317.21967,323.53067,322.12494,322.99738,325.10922,331.38962,328.91257,319.9938,318.31104,319.3161,315.0001,322.98004,321.1155,318.57642,321.981,308.8114,297.2995,308.76553,306.41647,311.25693,306.57312,308.3456,308.76553,317.77026,308.3456,311.36694,318.36655,324.0714,323.2671,318.81415,322.43134,318.48337,312.32452,306.3046,300.34317,289.44012,282.33908,276.70975,275.19434,268.26434,259.69522,252.64589,247.8905,245.69547,237.65257,229.574,219.17365,206.56499,203.83875,202.3287,205.8663,203.19861,203.66315,202.57417,206.8278,209.45358,210.86082,213.19757,215.18883,218.26402,220.6676,222.81418,223.66785,223.68819,228.2053,230.37103,230.29013,227.20262,227.83418,230.52757,236.57516,238.8611,240.2552,242.90453,271.1691,281.07016,279.86575,283.7363,283.44864,284.34937,286.6993,287.24155,279.16226,273.6913,276.11542,283.49576,289.1791,294.44394,294.22772,294.22772,306.25394,323.13,327.99466,344.47583,356.186,8.130019,75.96373,111.801476,163.30067,173.29025,176.98727,190.3048,193.49574,194.5345,192.09474,184.08554,171.57312,165.4655,167.4712,173.8846,180.0,181.9091,183.69131,183.69131,181.84756,176.186,172.14677,165.96373,162.18102,159.22766,161.0295,164.47583,165.61858,160.64091,151.38963,150.06857,161.99574,176.6336,183.06642,182.2457,177.27374,170.27249,165.5792,163.44286,163.30067,168.17854,175.13557,180.0,182.29056,184.76355,186.07236,185.82625,185.59924,186.22574,188.53069,191.9761,194.98167,198.88618,202.77042,204.34108,203.44807,200.1577,197.04912,193.65044,189.75235
2025-11-10 01:01:14+00:00,2025-11-10 00:00:00+00:00,315.0001,306.86996,317.6026,314.29276,320.1945,314.29276,305.83774,307.18478,306.34756,309.70987,302.86868,301.35703,298.20154,297.75842,300.96368,312.3974,319.87396,326.82147,325.59146,322.3057,312.99045,308.8845,306.55255,298.70584,288.92474,287.1028,285.12405,274.89902,277.69595,274.39862,271.5911,268.2101,256.75946,255.96373,245.22488,228.65231,218.65984,212.47118,211.47679,211.26367,211.84901,208.03375,205.4633,208.70586,214.0194,212.19571,216.02747,217.37589,218.45374,219.55963,225.4583,224.5417,226.37476,229.08571,229.4847,229.30457,230.90614,231.49931,236.0035,237.3391,239.9315,244.7223,248.96242,268.8309,281.53458,290.6745,291.10492,295.38788,298.88647,300.25635,306.11945,309.40063,307.87503,307.87503,306.52896,311.3477,317.6026,319.18503,321.009,323.13,327.72437,327.72437,323.97253,327.52884,339.44388,360.0,123.690094,150.9455,129.80553,154.65387,175.23645,175.42616,171.57312,171.11942,160.34608,156.3706,166.75948,163.14153,158.83867,164.74483,166.75948,168.0239,169.6952,169.6952,176.906,176.72958,170.07382,170.75397,169.28693,164.57777,174.47255,191.82146,200.55612,199.50253,213.05583,210.69965,205.82094,200.13638,194.03627,187.8152,182.33725,183.3664,188.13002,190.73885,191.30989,190.20392,188.65247,185.19434,181.30193,178.69807,176.09958,174.80566,175.13557,180.0,184.6858,187.53935,189.46225,189.8335,188.97255,185.2623,180.7742,174.36942,167.19574,157.71437,151.87636,151.1893,153.43501,155.11966,154.68715,154.3119,152.07112,146.46951,140.3322,139.11232,146.0035,158.62932,172.12616,187.20596,205.34613,219.88953,226.76236,230.58263,232.65057,234.3235,234.958,234.90411,234.22383,233.58353
2025-11-11 00:56:47+00:00,2025-11-11 00:00:00+00:00,288.85324,288.43503,288.92474,276.58185,277.4313,277.8532,258.6901,242.52565,242.7005,234.63745,233.67308,219.98683,205.8663,196.69933,195.5726,201.25058,203.47101,199.65392,203.59483,206.8219,214.80408,220.31403,217.8066,211.92084,213.11134,216.32692,221.93343,225.55618,226.1934,232.54935,235.71307,233.13002,235.30478,232.85323,229.84407,229.68597,230.52757,234.90411,244.5367,272.4895,300.06848,300.7354,301.1849,301.90805,301.29297,301.15924,299.35767,299.74478,299.0545,293.1986,291.4478,294.77512,293.7495,297.55273,296.56497,292.3802,277.1249,270.0,270.0,270.0,224.9999,213.6901,201.03758,192.5288,188.53069,187.43132,195.94547,194.03627,194.03627,185.90605,175.60138,176.186,189.72751,193.13403,183.57626,193.49574,194.03627,187.12492,192.72435,195.06854,194.5345,201.4478,200.55612,203.49858,183.17976,160.55988,152.24155,154.65387,160.82089,158.19853,169.11452,163.49556,164.57777,151.69934,104.03627,105.25517,124.69522,142.76509,154.44008,175.76369,177.95464,182.04536,183.94511,183.94511,183.69131,188.88058,192.875,199.8553,198.43504,197.96924,202.4428,209.40709,210.96368,210.57915,207.85956,206.56499,205.52965,203.30492,200.85454,198.43504,196.96623,198.99675,202.8737,205.8663,208.30066,210.82759,213.46541,215.05951,214.85452,215.83774,216.15828,215.75398,217.05661,218.25447,220.60121,222.4208,224.9999,229.01427,231.1155,230.8696,230.19447,228.07755,223.69812,218.81139,214.24908,213.6901,214.90257,215.9422,212.27562,208.49554,200.92458,192.875,184.63538,181.46877,185.85593,192.99461,194.03627,182.60251,169.59235,163.77974,168.15794,175.79472,180.7957,180.81844,179.11862,177.22984,175.3142,173.5585
2025-11-12 00:57:53+00:00,2025-11-12 00:00:00+00:00,214.28693,216.46933,217.10432,222.7454,224.4839,227.4896,228.44748,230.06367,237.87503,242.35411,245.13632,254.62369,264.14407,265.71094,274.08554,282.26477,295.46332,291.80148,300.01828,297.01257,300.46545,301.6754,303.6901,290.3232,284.93146,275.90604,270.0,278.42688,274.39862,270.0,259.8754,242.52565,242.44727,244.35904,241.55717,233.97253,227.86247,228.01286,229.39879,227.12111,220.36446,211.26367,211.82741,176.98727,178.60284,182.86235,185.85593,174.95764,168.3664,171.6342,180.0,178.36346,178.36346,181.63654,186.70975,185.35573,190.6196,194.03627,195.25517,197.92801,202.1095,203.19862,206.56499,217.47626,218.45374,211.18492,213.36638,215.41714,218.50067,216.43095,205.97433,192.20045,187.49576,189.46225,192.20045,199.35909,208.39293,207.824,212.57405,215.53777,212.90524,210.73541,213.34073,208.92633,205.97433,202.52061,206.0753,212.19571,215.90982,217.51918,218.10762,222.95459,225.5161,223.91916,220.426,217.56866,215.6399,218.92755,229.9698,238.52321,241.85849,237.3391,242.30061,247.61981,255.17348,277.1249,302.00534,334.35904,356.3087,3.691312,20.136398,16.144413,22.988754,36.469334,18.435053,22.109503,28.30066,35.537766,41.63345,44.999897,48.366554,51.34017,53.530666,55.304783,57.264786,59.03632,62.02062,69.075424,75.96373,81.02746,79.824554,74.623695,74.054535,78.92985,85.60138,92.16103,105.46127,123.34073,132.0891,114.90474,66.801384,44.999897,46.636536,54.21094,58.861095,55.750916,50.063675,44.999897,41.82009,39.644142,34.43906,25.463305,16.389616,11.496537,8.2593565,7.3522935,6.3401003,7.7650824,9.865748,11.3098955,10.007925,7.016412,4.610574,1.9091109,360.0,357.95462,357.66275,358.56793
2025-11-13 01:13:28+00:00,2025-11-13 00:00:00+00:00,281.9761,259.8754,264.47256,280.88547,291.03757,236.88864,267.70944,263.41815,263.41815,272.3859,294.22772,308.15726,23.198618,50.710617,44.999897,85.23644,96.11541,120.96369,116.56499,137.12111,137.12111,138.81418,153.43501,154.44008,146.88864,137.86247,140.71062,140.44037,137.60262,146.76828,146.76828,145.30478,145.78424,156.0375,167.90526,180.0,183.27042,175.91446,175.76369,212.12497,218.33337,226.78989,224.23619,221.63345,218.36752,214.82455,208.52303,193.32454,189.68872,195.75124,199.13374,207.03078,211.32863,214.56259,217.50421,215.65541,215.07384,213.40784,210.96368,210.32352,213.17853,212.19571,214.41843,216.29272,219.70987,225.4583,227.29063,225.90929,224.9999,225.50697,220.52502,220.95541,221.63345,227.95085,236.05637,245.82089,250.0168,258.92984,284.93146,308.8845,335.13632,337.69376,341.56494,343.3007,350.31128,348.0239,348.11136,351.08514,346.82742,345.65063,340.3461,336.29733,330.9455,330.25522,333.43503,335.37646,340.20102,345.9637,344.05453,345.25638,351.87,360.0,12.26477,29.744795,37.234917,46.39711,53.471054,80.53775,79.69521,102.5288,85.23644,88.85426,85.23644,70.01681,81.15827,75.32356,67.69375,59.264584,49.398785,40.971645,38.33339,43.567978,52.73353,58.52322,57.200474,51.709793,46.789886,45.909298,45.88132,45.88132,44.999897,44.090717,43.152412,43.210114,43.26433,43.26433,41.42357,39.289394,37.99879,37.99879,37.99879,37.99879,37.476254,36.86999,36.158287,35.311302,36.027473,35.537766,34.286938,34.82457,35.311302,33.6901,33.111355,32.471172,35.537766,37.30404,41.98713,46.468742,50.710617,53.530666,57.528828,59.93151,62.10283,60.255207,56.309914,50.710617,51.842735,52.124958
2025-11-14 00:58:07+00:00,2025-11-14 00:00:00+00:00,136.46873,146.3099,149.03632,150.01845,151.69934,153.43501,154.98314,168.3664,176.82024,186.63242,193.44862,199.79897,205.67677,208.68605,213.43988,220.87231,226.30188,224.32605,218.81139,215.21768,214.69522,212.10623,205.27768,186.1154,190.00792,193.0919,195.94547,202.5431,209.98155,212.68054,214.41843,214.41843,214.85452,214.3804,215.4458,218.15727,217.66568,216.86998,220.60121,222.43619,224.5417,228.81418,232.43134,229.46724,228.42397,231.92717,235.58157,232.22426,227.6426,239.74365,243.43501,261.02747,292.98874,324.09018,329.53452,343.41257,342.8972,338.19852,344.6237,348.95908,347.125,347.4712,351.2539,357.5634,354.92047,351.34753,343.53992,336.16125,331.29416,330.57263,332.5925,332.52567,334.35904,334.44006,331.38962,330.25522,331.38962,335.37646,342.8972,356.0549,360.0,6.581848,22.93213,29.981556,40.364468,53.972538,55.713078,66.2505,87.95464,104.03627,90.0,104.5345,83.08887,104.420815,94.57384,64.2901,56.3099,71.1752,57.030594,51.666626,46.432037,52.205994,62.152523,61.762657,59.03632,65.72557,67.28555,54.605125,47.563812,43.26433,48.179924,50.792812,50.194473,50.194473,51.34017,47.64261,42.436188,39.805527,42.08909,47.385983,53.530666,52.3057,50.440376,47.602623,50.194473,51.632477,54.246033,54.246033,54.688713,54.688713,53.530666,53.530666,56.309914,65.09527,74.74483,82.30404,85.71093,88.667816,88.69808,84.805664,79.21575,73.300674,66.80139,60.461315,57.264786,64.133705,73.68607,77.735245,73.53991,65.22488,59.743652,63.435013,69.904686,73.53991,71.564964,66.64442,66.03751,72.299484,80.909805,88.89832,91.0809,93.17977,99.637474,117.01259,135.0001,150.35023,170.1665,193.36023
2025-11-17 01:02:47+00:00,2025-11-17 00:00:00+00:00,322.69595,332.3541,333.43503,349.69522,330.64233,329.03632,334.98312,343.61038,360.0,19.440128,36.86998,64.79892,75.25639,83.99109,93.17977,108.43504,122.969406,129.47243,118.495544,135.0001,135.0001,134.1187,143.47105,128.65984,118.88649,104.03627,113.05133,121.372955,122.319595,128.65984,132.58046,144.78232,140.77434,126.027466,86.729576,91.59111,107.35411,130.15593,97.59455,87.27374,129.47243,180.0,204.44394,232.94339,224.9999,222.5104,211.18492,214.59235,204.30453,268.15244,345.9637,355.23645,349.69522,353.08887,1.6846573,7.59456,10.885482,6.581848,12.528798,9.782338,7.853233,9.090207,10.491434,10.491434,2.385899,340.55988,327.99466,318.57642,320.52756,329.9315,347.4712,4.398633,22.61991,41.98713,70.01681,102.5288,135.0001,116.56499,151.92761,90.0,73.61038,96.84268,98.42689,122.00535,119.05451,139.63554,146.68936,144.90411,153.43501,167.31963,155.55606,180.0,196.55714,189.46225,194.34937,188.13002,192.90741,209.16751,194.93147,204.14554,197.74477,223.60289,214.21576,217.30403,255.06853,188.53069,66.37061,169.21574,143.13002,125.537766,150.01845,139.18501,171.02745,200.55612,213.07068,221.98714,232.02834,238.24055,237.3391,232.0012,227.20262,227.38597,230.19447,233.13002,233.53067,235.17543,239.42085,254.05453,275.7105,294.22772,297.64587,295.46332,299.74478,318.1799,337.5205,344.47583,336.61475,324.46225,315.0001,310.46216,306.3269,303.6901,304.50858,308.65982,310.60123,307.56866,301.32864,292.24908,284.6209,279.09018,276.58185,274.23633,272.12103,270.0,263.6599,257.4712,251.56496,247.52052,244.17906,243.43501,245.32315,249.90468,253.17851,258.17853,263.21112,268.56793,271.54813,273.3664
2025-11-19 02:38:52+00:00,2025-11-19 00:00:00+00:00,8.130019,352.14676,53.74608,33.178535,31.75944,11.888645,4.969664,6.0089183,16.557161,20.556128,23.749514,14.036275,4.085537,356.186,15.945477,22.61991,12.26477,360.0,347.19574,349.69522,340.0168,339.77505,357.27374,23.629398,58.392544,64.79892,79.69521,102.80426,128.15727,147.99466,144.46223,167.4712,163.30067,143.13002,152.35411,138.01286,150.9455,146.88864,148.17259,129.98683,125.90981,144.46223,152.78398,152.44728,160.0168,121.60746,120.96369,115.46331,68.19853,151.38963,192.875,189.16228,194.03627,230.71062,200.55612,21.801476,199.17911,180.0,78.6901,150.64235,148.57048,136.12321,118.072395,138.69148,164.05453,202.24907,227.54485,234.03938,236.61147,240.70874,250.20103,237.80429,228.99101,284.03625,267.6141,212.47118,221.98714,274.48453,315.0001,288.88617,285.75125,295.46332,302.27563,324.8335,339.27435,346.373,342.072,354.05322,6.842679,11.3098955,9.462261,1.5911111,3.5762644,360.0,360.0,3.9451082,23.198618,28.072395,36.027473,52.124958,60.94549,75.96373,170.53775,195.94547,237.99466,261.2539,265.91446,260.53775,234.46223,229.76372,231.34016,230.52757,230.19447,228.17992,223.72705,227.60262,234.6887,238.67136,236.97612,229.08571,220.60121,216.86998,215.83774,216.38445,214.3804,213.6901,214.50858,220.60121,229.76372,233.13002,224.9999,153.43501,116.56499,132.27362,144.16226,151.55717,158.19853,168.23174,182.4895,195.6423,206.56499,210.37904,209.0545,202.6199,193.39252,180.0,164.47583,154.7989,149.03632,145.30478,145.0079,143.13002,333.43503,341.56494,18.435053,59.743652,75.96373,75.37909,73.73973,72.89719,76.865974,80.53775,81.46932,77.90526,73.53991,68.19854,64.397865,60.75127
2025-11-20 02:37:10+00:00,2025-11-20 00:00:00+00:00,6.3401003,85.91447,60.94549,86.82024,85.60138,83.99109,111.801476,103.24053,127.875046,132.27362,101.3099,133.26433,103.13403,109.98319,118.8107,177.27374,119.74479,138.12222,128.08882,100.00792,126.86999,133.45189,110.22495,18.435053,21.037588,60.255207,69.14546,61.389645,94.76356,121.42952,140.44037,136.63654,69.27436,136.8476,113.19862,107.10281,94.39862,73.300674,90.0,73.61038,71.14675,79.46087,73.53991,67.557205,74.53873,59.23736,50.04252,29.16752,37.116943,224.9999,236.3099,242.6502,244.2901,249.14546,293.7495,312.39737,336.3706,352.0566,352.23492,353.21112,4.5139127,13.240531,18.435053,13.736293,23.498587,32.005356,43.83095,35.75398,29.5387,29.054508,30.465475,34.9921,36.86999,53.61555,61.189304,57.724377,73.61038,79.380394,102.99462,90.0,90.0,85.60138,85.91447,143.13002,128.65984,129.80553,146.3099,145.49142,154.5367,169.11452,181.97488,192.09474,191.30989,192.26476,172.40544,162.64589,162.64589,165.96373,156.0375,156.3706,132.87889,150.64235,130.91429,144.78232,123.6901,140.90616,127.875046,105.945465,127.875046,122.1957,113.02553,124.04598,128.2902,132.58046,112.61991,106.38962,98.61557,97.35229,109.53674,125.36255,135.9391,142.12495,148.39255,153.9967,160.76924,169.91946,180.0,194.30031,207.80136,214.85452,216.86998,216.46933,218.65984,227.29063,236.853,243.43501,249.22766,255.00487,260.53775,262.33328,262.8751,266.00916,276.70975,299.4758,316.73566,310.91428,287.3541,266.82022,270.0,278.97253,287.52567,293.9625,302.00534,306.25394,302.7352,296.56497,292.6199,302.7352,315.0001,323.13004,332.1028,339.30447,343.20154,342.824,340.6154,339.92838,341.89615,345.9637
2025-11-21 02:37:48+00:00,2025-11-21 00:00:00+00:00,22.61991,130.60121,147.09476,130.60121,132.5104,137.4896,122.471176,130.81499,98.97255,160.55988,123.6901,36.86999,59.03632,76.42955,52.594578,80.53775,58.1726,75.96373,93.366394,117.824005,141.63248,75.96373,330.25522,349.3804,12.094739,16.557161,14.697369,22.89059,12.907409,17.744766,11.725089,13.815059,11.888645,14.931467,6.0723705,360.0,4.864438,17.447285,16.189287,10.61961,6.170083,349.69522,337.01126,331.50446,324.09018,319.9698,305.21768,282.80426,270.0,29.744795,360.0,352.87506,293.1986,296.56497,285.52417,310.60123,287.6502,276.58185,276.3401,276.84268,276.58185,267.70944,278.97253,280.0079,265.03033,267.70944,258.23172,250.70985,233.13002,235.49141,231.34016,220.91429,184.39862,167.90526,171.46931,177.39749,172.23492,172.87508,164.05453,155.55606,157.3801,168.23174,158.19853,162.3498,165.96373,139.39879,135.0001,160.76924,154.05775,160.76924,147.72438,140.79282,147.14429,146.3099,156.29735,160.34608,173.21112,173.29025,166.42955,162.38733,174.1227,187.65056,183.69131,188.8203,203.9625,201.6445,214.85452,202.5431,221.18582,220.50276,222.20723,231.49931,246.0375,248.36905,254.05453,262.0305,274.28906,290.13638,301.32864,313.1524,329.03632,356.186,21.801476,38.65983,46.8476,52.124958,55.6196,61.189304,68.19853,78.11137,90.0,104.03627,124.69522,145.49142,158.62932,175.23645,230.90614,277.1249,288.43503,294.5901,299.4071,303.94363,305.34018,304.9921,303.6901,303.02386,300.96368,298.76755,294.7024,288.77814,285.6423,287.0206,291.59537,294.0755,293.3556,290.0953,288.43503,288.85324,289.5732,290.55612,292.6199,294.0755,296.0753,298.4428,300.11365,300.96368,299.4758,297.69937
2025-11-22 02:33:43+00:00,2025-11-22 00:00:00+00:00,212.00534,288.43503,289.1791,347.90527,342.80136,357.13766,358.53122,353.08887,351.02744,353.517,5.7105074,14.826528,4.085537,18.886187,17.592522,22.61991,18.970512,8.615564,351.57312,337.5205,335.09525,319.39877,306.86996,306.86996,298.0724,274.96964,243.43501,247.3801,249.86362,256.60748,251.14674,258.9591,265.91446,271.63654,284.03625,306.57312,312.39737,297.55273,325.1246,342.40747,348.11136,352.30405,347.66092,336.0375,343.49554,343.73972,3.179772,14.931467,44.999897,77.735245,87.87895,106.26028,115.55992,125.537766,122.00535,124.286934,124.21575,126.15828,133.60289,153.43501,147.52882,149.74365,131.63345,152.24155,157.98866,176.36713,166.75948,128.95592,158.62932,161.93944,157.30617,169.8458,181.24533,163.5399,180.7073,160.95328,174.14407,170.29341,182.29056,194.82652,198.43504,199.79897,195.78082,195.6423,211.47679,227.29063,224.16977,225.83023,233.53067,245.55606,249.3255,251.24126,254.3577,251.11382,248.19853,249.14546,251.56496,251.56496,239.74365,232.12495,232.12495,252.89719,301.32864,318.12222,330.25522,323.36578,325.2221,310.76352,305.83774,289.29013,281.59213,282.99463,272.96088,273.814,269.28384,270.71616,275.33206,278.36578,279.61966,279.46225,278.53067,274.63538,270.0,268.45187,276.17007,287.96924,294.67685,293.9625,289.44012,286.38962,288.92474,291.54105,293.1986,293.1986,293.6821,293.1986,292.24908,290.18588,289.1791,289.39792,290.55612,291.0924,291.6445,292.5431,291.80145,285.0184,274.39862,266.906,265.23645,268.4089,271.5911,271.5911,271.54813,273.094,276.3401,281.3099,287.44727,297.18103,305.9422,310.48593,311.18582,311.72943,312.27362,315.0001,318.23978,324.86572,337.3801,2.7262611
2025-11-23 03:22:31+00:00,2025-11-23 00:00:00+00:00,229.08571,228.36655,222.87889,234.46223,239.0363,266.0549,266.0549,281.6336,280.954,276.70975,281.6336,283.627,275.7105,283.57043,288.43503,330.01843,348.6901,352.40543,28.30066,9.462248,360.0,14.036275,26.564985,71.564964,98.97255,111.801476,115.46331,139.08571,147.72438,149.53453,138.57643,166.60748,165.2564,108.43504,131.82008,132.13753,135.0001,142.52374,138.23979,143.84172,172.14677,154.23073,157.8905,150.57263,161.56496,146.82147,118.61037,109.85531,123.2749,146.853,151.63104,156.3706,164.40714,167.09259,171.70294,193.44862,191.59215,192.20045,223.53127,215.53777,231.7098,236.3099,238.73633,239.85869,244.17906,254.05453,255.5792,254.74483,260.13425,274.39862,285.06854,270.0,259.50858,242.52565,241.69934,240.01845,256.373,262.1468,254.93146,274.76355,293.86017,303.23172,302.78427,300.37906,297.3498,295.79596,295.82092,295.20108,295.94223,296.56497,295.9587,295.40768,297.1496,296.89615,296.92758,296.56497,298.96756,299.62366,299.87592,297.55273,297.5972,298.70584,291.54105,288.43503,289.23077,289.23077,286.46008,285.94547,282.38074,279.92618,284.93146,297.37762,300.51016,299.21915,301.8274,302.2756,303.20657,302.90524,300.57913,296.56497,292.47946,292.93213,298.4428,302.47116,304.9921,305.83774,309.09384,315.0001,325.30478,337.3801,360.0,71.564964,105.25517,113.19862,115.20109,123.6901,136.63654,150.01845,155.69547,156.3706,153.43501,147.80429,136.2188,124.992096,115.906456,106.38962,93.814,87.87895,100.491425,118.88649,127.74687,127.14677,122.15227,120.73541,124.69522,129.5226,132.76881,134.21527,135.0001,136.90913,140.01317,142.85323,143.13002,138.23979,128.15727,120.141304,119.197395,120.73541
